Character	AllyCount	Frequency	Min Turn Gained	1st Quartile Turn Gained	Avg Turn Gained	3rd Quartile Turn Gained	Max Turn Gained	Turn Gained SD	Min Distance	1st Quartile Distance	Distance Avg	3rd Quartile Distance	Max Distance	Distance SD	Min Coins	1st Quartile Coins	Coin Avg	3rd Quartile Coins	Max Coins	Coin SD	Min Stars	1st Quartile Stars	Star Avg	3rd Quartile Stars	Max Stars	Stars SD	Average Place
Boo	4	0.24%	10	17	17.7916667	20	20	2.1980894	89	118	129.5	140	194	18.8741446	28	55	67.0666667	78	116	17.5740023	1	4	5.7416667	7	12	2.2379151	2.5833333	
Boo	3	1.558%	8	15	16.7474972	19	20	2.7627109	68	103	116.1527599	128	161	17.1585831	25	58	69.9910141	80.25	150	18.5617291	0	4	5.5917843	7	13	2.2110086	2.6931964	
Boo	2	7%	6	12	14.9520346	18	20	3.6110915	43	93.1481481	104.4182857	116	159	16.4535331	19	59.7407407	71.2402857	81.0154321	156	17.5008973	0	4	5.6231429	7	14	2.1676798	2.6877143	
Boo	1	19.346%	3	7	11.2144684	15.2081364	20	4.9632299	35	81.8636364	92.0068231	102	144	14.91519	19	60.3764881	72.8320066	83.2991672	181	18.0642913	0	4	5.5284813	7	14	2.1665007	2.740825	
Boo	0	71.856%	1	1	1	1	1	0	27	70.7331071	79.6753507	89	126	13.2915608	14	55.4863408	68.5383823	79	182	18.6382587	0	4	5.6216043	7	14	2.1085462	2.7470218	
Bowser	4	0.858%	8	16	17.2307692	19	20	2.576636	93	135	152.2377622	167	227	23.9915364	18	55	66.1631702	76	143	17.8302392	0	4	5.5081585	7	13	2.0716881	2.7552448	
Bowser	3	4.298%	6	14	16.0562452	19	20	3.1572963	55	119.54	136.0674732	153	215	23.2431581	8	54.4825	67.4369474	80	140	18.5997582	0	4	5.6826431	7	13	2.1512777	2.6649604	
Bowser	2	14.572%	4	10	13.5280819	17	20	4.2588611	46	107.9649123	123.6210541	138.9465541	206	22.9049185	12	57.1402597	70.6130936	83	178	19.1058363	0	4	5.6771891	7	15	2.1875031	2.6966786	
Bowser	1	29.258%	2	4	8.6733761	13	20	5.6054309	26	94.7553554	109.6796774	124.7711222	194	22.1655739	5	56.5554212	70.1229749	82.5629553	174	19.4956571	0	4	5.2134801	7	15	2.1928722	2.8941828	
Bowser	0	51.014%	1	1	1	1	1	0	22	77.4702456	91.4531305	104.8477229	159	19.7299691	1	46.7269953	58.9774964	69.8946941	165	17.9692055	0	3	4.1601521	5.1233901	14	2.0661311	3.2958404	
Bowser Jr	4	0.86%	11	16	17.7790698	20	20	2.062969	70	106	117.4162791	129	167	17.0646163	21	61	72.1232558	81	133	16.5573329	2	6	7.2651163	9	13	2.176928	2.0976744	
Bowser Jr	3	6.19%	8	14.3634424	16.4607092	19	20	2.8089931	54	93	105.0084006	116.2617188	166	17.2872508	20	62.1904297	74.6465267	86	146	17.4554989	0	5	6.9292407	8	16	2.1831713	2.1660743	
Bowser Jr	2	23.216%	4	11	14.3304038	18	20	3.828995	42	80.8787228	92.2475879	103.2032828	159	16.5099338	19	66	78.3682805	89.2954545	172	17.9946164	0	5	6.8072019	8	17	2.1018706	2.205634	
Bowser Jr	1	51.042%	2	5	9.3611207	13	20	4.854744	32	70	80.5214137	90.9136991	145	15.163191	18	66.1127311	79.1655499	91	175	19.0321718	0	4	5.844912	7	15	2.1522163	2.581286	
Bowser Jr	0	18.692%	1	1	1	1	1	0	29	59	67.452386	76	122	13.0772913	16	73	86.0555318	98.2291403	176	19.7913149	0	4	5.0765033	6.3160556	12	2.094348	2.865076	
Daisy	4	0.538%	12	17	18.1263941	20	20	1.8247601	87	108	116.2193309	124	141	11.0038958	31	72	82.3085502	92	144	17.5659554	2	7	8.2118959	10	14	2.4057876	1.8066914	
Daisy	3	4.53%	10	14.9666667	16.5303867	19	20	2.7192465	77	94	102.5889625	111	130	11.0648564	36	75.9896694	87.4145695	96.3615702	196	17.8420061	2	7	8.194702	10	16	2.1889887	1.7549669	
Daisy	2	24.926%	7	12	14.5259719	18	20	3.6695461	68	84	91.5178528	99	123	10.3632484	33	75	87.5119955	97.3522727	189	18.1501931	0	6	7.5509107	9	15	2.1065543	1.9301934	
Daisy	1	34.93%	4	6	10.4143306	14.413704	20	4.8523173	62	71	77.9467506	84	102	7.9968806	18	75.6946309	88.5635843	100	204	19.7179825	0	6	6.9215574	8	15	1.9795481	2.1275122	
Daisy	0	35.076%	1	1	1	1	1	0	62	65.8665459	66.7827004	68	75	1.8353181	27	80.5460061	94.9949823	108.3607038	219	21.3832702	0	5.999182	6.814403	8	14	1.8971875	2.1481925	
Diddy Kong	4	0.004%	20	20	20	20	20	0	121	121	124.5	128	128	3.5	52	52	60	68	68	8	5	5	7	9	9	2	2	
Diddy Kong	3	0.046%	12	17	17.48	19	20	1.9620398	91	103	116.2608696	125	149	14.7064535	47	58	66.7826087	77	93	12.4235279	1	4	5.0434783	6	10	1.9444069	2.8695652	
Diddy Kong	2	0.384%	11	16	17.1382488	19	20	2.3059256	58	86	97.828125	109	138	16.1663437	31	58	68.1770833	78	116	15.7039637	1	4	5.2135417	6	9	1.6898052	2.9270833	
Diddy Kong	1	1.578%	7	12.90625	14.8479125	17	20	2.9886682	49	73	84.9074778	95	145	15.8015355	27	51	62.9556401	73.75	120	16.0707974	0	3	4.0405577	5	12	1.6571473	3.3143219	
Diddy Kong	0	97.988%	1	1	1	1	1	0	14	56	69.7738294	77	126	15.6677986	15	50.9811306	62.0220435	70.8098075	175	16.614453	0	4	4.9822631	6	13	1.654456	3.0448626	
Donkey Kong	4	0.006%	17	17	19	20	20	1.4142136	115	115	121.3333333	131	131	6.9442222	48	48	72.3333333	94	94	18.8738502	5	5	7	9	9	1.6329932	2.3333333	
Donkey Kong	3	0.102%	15	18	18.6481481	20	20	1.4549711	82	100	114.1568627	125	168	17.7834165	48	62	77.4509804	86	132	19.4183194	3	6	7.5882353	9	14	2.2853023	1.9215686	
Donkey Kong	2	1.322%	10	16	17.5146853	19	20	2.1322026	68	89	103.5885023	115	164	19.3385348	31	60	74.5506808	87	151	19.7522305	2	5	6.6974281	8	14	2.1138137	2.2118003	
Donkey Kong	1	7.352%	6	13	15.2527898	18	20	3.3374477	60	79.0678138	91.6991295	104	163	18.897375	24	58	72.742111	85.48583	158	19.9734149	1	5	6.4281828	8	15	1.9616869	2.3664309	
Donkey Kong	0	91.218%	1	1	1	1	1	0	0	50	64.8586902	80	150	20.5677672	9	47	60.0183736	69.9998132	176	18.4993815	0	4	5.6020303	7	15	2.0120635	2.6594313	
Dry Bones	4	0.526%	11	17	17.8060837	20	20	2.0480077	70	112	124.1596958	138	172	18.6768897	24	60	73.2319392	86	136	18.7710695	1	6	7.4524715	9	14	2.3763376	2.0342205	
Dry Bones	3	3.798%	8	14	16.36679	19	20	2.9339109	58	97	110.4107425	124	159	18.5554351	25	64	76.6303318	87	181	17.5332452	1	6	7.4239073	9	15	2.2857659	1.9763033	
Dry Bones	2	14.06%	6	11	14.05396	17.8477011	20	4.0772997	45	83.2174745	96.500569	109	153	17.943421	17	64.1683673	76.9378378	87.3596939	183	18.6179445	0	5	6.9658606	8	15	2.2572723	2.1692745	
Dry Bones	1	35.824%	3	5	9.4928424	14	20	5.3438946	29	71.0126024	81.7703774	90.9940792	136	14.9345576	30	69	81.5566101	92.2322975	196	18.2903738	0	5	6.421561	8	15	2.1567353	2.3589214	
Dry Bones	0	45.792%	1	1	1	1	1	0	30	65	71.517514	80	105	10.5339809	38	76	88.7524022	99.0488898	206	18.3557555	0	4	5.6660989	7	14	2.0996773	2.6199773	
Goomba	4	0.384%	12	17	17.9427083	20	20	1.885208	76	101	111.28125	122	153	14.9305358	46	75	89.9010417	100	166	21.9586638	3	7	8.5364583	10	13	2.2217495	1.671875	
Goomba	3	3.042%	9	15	16.9054291	19	20	2.5899667	56	87	97.4273504	108	146	14.9987995	42	77.7346939	92.425378	104.0102041	177	21.5124657	2	7	8.2577252	10	16	2.1077129	1.7008547	
Goomba	2	15.366%	6	12	14.8381226	18	20	3.6333794	31	76	85.5875309	95	139	14.1904355	30	78	93.62814	106.1696429	214	22.1177101	0	6	7.5426266	9	15	2.1688694	1.9094104	
Goomba	1	40.24%	3	6	10.5058951	14	20	4.8782715	27	64	73.358499	82.8583519	120	13.2275526	28	77	93.2014414	106.0253934	215	22.8637013	0	5	6.6548211	8	15	2.0649221	2.1939861	
Goomba	0	40.968%	1	1	1	1	1	0	15	51	58.524214	66	99	10.4635413	24	67.5836819	82.2673306	94	206	21.3551236	0	4	5.4668034	7	13	1.8962602	2.6568053	
Hammer Bro	4	0.28%	13	17	17.8928571	20	20	1.991756	72	97	106.1285714	117	146	15.7638116	47	74	83.8214286	93	155	17.7169281	3	7	8.0642857	10	12	2.0149821	1.8571429	
Hammer Bro	3	2.14%	10	15	17.0289256	19	20	2.5480486	53	81.6875	91.871028	103	139	14.7462082	35	71.09375	84.3785047	95.0625	164	18.224501	1	6	7.4065421	9	14	2.172073	2.035514	
Hammer Bro	2	10.23%	7	13	15.2382609	18	20	3.4961287	34	70	79.6389052	89	127	14.0890067	31	73	85.3202346	96	170	18.5716833	1	6	6.9646139	8	14	2.1002534	2.1354839	
Hammer Bro	1	30.496%	4	7	11.252028	15	20	4.7800106	26	60	69.1001443	78	118	12.9392906	28	73	86.0847324	97.3285059	183	18.8792112	0	5	6.195042	8	14	2.0208441	2.4222849	
Hammer Bro	0	56.854%	1	1	1	1	1	0	22	49	55.8561931	62	90	9.5148619	31	68.8212473	80.4650157	90	209	17.0786958	0	4	4.9753755	6	12	2.0256279	2.8822598	
Koopa	4	0.762%	11	17	17.984252	20	20	1.966855	62	102	114.6535433	126	174	18.3532176	29	62	75.7585302	86	164	20.6143049	0	6	7.4173228	9	15	2.3967638	2.0682415	
Koopa	3	5.802%	8	15	16.7486289	19	20	2.7100159	53	89.4666667	101.8693554	113.9788889	166	17.5315885	18	64	77.4605309	88.9155556	171	19.9814524	0	5.8333333	7.0975526	9	15	2.2727947	2.1275422	
Koopa	2	23.856%	6	12	14.5466141	18	20	3.6877951	44	78.2827068	90.4832327	101.8836364	160	17.0746935	20	66.4330827	80.0566734	91.6620657	183	19.8074308	0	5	6.6441147	8	16	2.2115685	2.2726358	
Koopa	1	42.516%	4	6	10.1507349	14	20	4.7112302	29	67	78.20143	88.511553	155	15.6605003	18	69	83.4369179	95.9863667	197	20.9982324	0	5	6.0782294	7.8281676	16	2.1833678	2.4663186	
Koopa	0	27.064%	1	1	1	1	1	0	30	59	68.6024239	77.657424	123	13.7357053	18	72.5607235	87.7655927	101	191	22.1366354	0	4	5.5666568	7	15	2.1937095	2.6366391	
Luigi	4	0.57%	11	17	17.9894737	20	20	2.1217077	77	106	119.3789474	130	176	17.9993249	31	61	74.1684211	85	171	21.0523088	2	6	7.3157895	9	14	2.3196937	2.0736842	
Luigi	3	3.73%	7	15	16.5237209	19	20	2.8389558	58	94	105.4048257	116.5895062	167	16.4831437	29	64	78.0702413	89.1049383	176	20.5637934	0	6	7.2906166	9	17	2.2919004	2.0123324	
Luigi	2	14.79%	5	11.0407819	14.4427449	18	20	3.8640729	45	82.2770408	93.6151454	104.0382653	148	15.8613188	21	67	81.3353617	93.9358766	198	21.3501549	0	6	7.1000676	9	16	2.233737	2.0892495	
Luigi	1	36.192%	3	6	10.1905503	14	20	5.0170628	32	71.9983165	81.4475022	91	134	14.0505555	15	70	85.0110522	97.6007092	201	21.7292639	0	5	6.3484195	8	16	2.1671964	2.3415119	
Luigi	0	44.718%	1	1	1	1	1	0	30	64	71.6268617	79	115	11.0998379	35	79.4375862	94.6257883	107.0208541	218	21.8249012	0	4	5.5502929	7	14	2.1766973	2.6239993	
Mario	4	0.792%	12	17	17.8989899	20	20	1.9292797	86	110	118.9545455	128	162	12.4339855	34	67	76.9343434	87	168	17.4515413	2	6	7.6616162	9	14	2.2432033	1.9520202	
Mario	3	5.684%	8	15	16.6192094	19	20	2.6674603	70	98	107.1618578	116	163	12.6325143	28	68	80.3789585	91	168	18.4924891	0	6	7.6203378	9	16	2.2317636	1.9208304	
Mario	2	24.858%	6	11	14.3656092	18	20	3.7620366	53	87	95.2379918	103.5429338	141	12.0381832	17	69.3524901	82.0342747	93.0392354	179	18.828339	0	6	7.1597071	9	15	2.2029169	2.0699171	
Mario	1	45.542%	3	5	9.6463656	13	20	4.7352512	46	75.9780888	83.3974353	91	119	10.6486752	18	71.3717921	84.5251416	96.2277851	187	19.4744939	0	5	6.6738834	8	16	2.1262082	2.2404374	
Mario	0	23.124%	1	1	1	1	1	0	45	65	70.1482442	75	98	7.2840882	6	69.2229426	84.2262584	98	192	21.6926489	0	4	5.8252033	7	12	1.9676007	2.5733437	
Monty Mole	4	0.588%	11	16	17.7823129	20	20	2.080087	81	108	117.622449	127	160	14.2672609	35	70	84.7108844	96	179	20.9305968	3	7	8.2040816	10	16	2.3414013	1.7346939	
Monty Mole	3	4.086%	9	15	16.7471117	19	20	2.6525791	53	94	103.9295154	114	148	14.0021649	34	73	86.6275086	98.0875	180	20.7460879	1	6	7.9500734	9.0875	15	2.2587089	1.8316202	
Monty Mole	2	19.246%	6	11.9762162	14.5946488	18	20	3.7631248	45	82.4483019	91.7224358	100.7746758	141	13.3032389	24	73	87.7087187	99.3305085	194	21.2065659	0	6	7.3593474	9	16	2.1902493	1.9930375	
Monty Mole	1	41.804%	3	6	10.1600024	14	20	4.8946254	37	71.0352935	79.738159	88	128	12.0632601	21	73.936839	88.5854464	100.9832589	220	21.6964701	0	5	6.6630466	8	15	2.12045	2.232418	
Monty Mole	0	34.276%	1	1	1	1	1	0	33	60	65.9153927	72	100	9.0354178	18	68	82.7881316	94.9854479	211	21.7984724	0	4	5.5332594	7	12	1.9666306	2.6583032	
Normal Dice	4	0.75%	11	17	17.768	19	20	2.0828288	86	111	120.5893333	129	162	12.8713384	31	69	82.1866667	93	182	20.7642599	2	6	8.0106667	10	15	2.4646608	1.8293333	
Normal Dice	3	5.202%	9	15	16.5661962	19	20	2.7714801	62	98.4142012	107.5755479	116	154	13.0542211	29	71	84.0676663	95	178	19.6423235	1	6	7.8227605	9	15	2.3038417	1.8777393	
Normal Dice	2	21.876%	6	11	14.3010637	18	20	3.8073283	50	87	95.5001828	104	144	12.5034663	26	72	85.5707625	96.882059	196	20.4094353	0	6	7.3680746	9	15	2.1896324	1.997623	
Normal Dice	1	45.376%	3	5	9.7236763	13.3079787	20	4.8573759	45	75.087037	83.3254143	91	121	11.1027871	19	74	88.042269	99.8269445	207	20.9383966	0	5	6.7298572	8	14	2.1306425	2.2188822	
Normal Dice	0	26.796%	1	1	1	1	1	0	42	65	70.2862368	75	100	7.4730709	19	75.6017559	90.1012091	102.550815	224	21.7874607	0	4	5.8312435	7	14	2.0437344	2.5298552	
Peach	4	0.796%	12	17	17.8467337	19	20	1.8886402	78	106	116.7160804	127	155	13.9628831	34	64	78.861809	91	142	19.6975497	1	6	7.5904523	9	13	2.3724993	2.0427136	
Peach	3	5.546%	9	15	16.6477452	19	20	2.6265229	61	96.0012755	105.1720159	114	145	12.8763006	27	68	80.9682654	91.5471939	173	19.7038954	1	6	7.5618464	9	14	2.2419985	1.9747566	
Peach	2	24.916%	6	11	14.1337897	17	20	3.7341706	45	85	93.871729	102.9648383	145	12.5838431	23	68.8157477	82.5738481	93.9945652	195	20.2341657	0	6	7.2238722	9	15	2.2208064	2.0903034	
Peach	1	49.166%	3	5	9.0920372	13	20	4.8317416	37	72	80.8884188	89.7629081	120	12.0404256	20	65.4976932	79.8302079	91.5544723	209	20.797708	0	5	6.2860107	8	14	2.0924029	2.4459179	
Peach	0	19.576%	1	1	1	1	1	0	34	60	66.4699632	72	94	8.9136424	15	53.9317725	68.6548835	80	185	20.6080292	0	4	5.722926	7	13	2.0373649	2.6836943	
Pom Pom	4	0.546%	11	17	18.2637363	20	20	1.8664289	67	100	109.5750916	119	172	15.5573747	21	63	77.0842491	87	159	21.9170148	2	6	7.7655678	9	14	2.2958765	1.9267399	
Pom Pom	3	5.196%	8	16	17.1734587	19	20	2.3783256	53	88.6923077	98.8244804	108	158	14.7695143	24	68.7692308	81.6655119	93	181	20.2753024	1	6	7.8860662	9	16	2.2385003	1.8290993	
Pom Pom	2	30.54%	5	12	14.871727	18	20	3.369141	45	79	88.3034709	96.8461538	151	13.3805216	21	68	81.8899804	93.951087	202	20.9009658	0	6	7.2472823	9	16	2.191193	2.0298625	
Pom Pom	1	43.584%	3	7	10.4062054	13	20	4.0607843	38	70.7281457	78.4037261	86	137	11.4917531	6	62.1395856	78.1322045	92.5838034	198	23.5830909	0	5	6.3365455	8	15	2.1544376	2.3582507	
Pom Pom	0	20.134%	1	1	1	1	1	0	34	64.0770612	71.3423065	78.9644009	107	10.6136651	4	47	65.850005	83	205	25.5440407	0	4	5.2401907	7	13	2.0009241	2.8193106	
Rosalina	4	0.474%	13	17	18.0548523	19	20	1.7792604	69	95	108.7004219	121	168	18.0255012	37	73	85.0126582	97	154	19.0715909	3	6	7.8101266	9	13	1.9685885	1.8270042	
Rosalina	3	3.804%	8	15	16.8676952	19	20	2.6257578	53	84	95.7602524	107	157	16.845882	37	73.7901235	87.4258675	99	192	20.2523388	0	6	7.5809674	9	15	2.1467006	1.9647739	
Rosalina	2	18.906%	5	12	14.6891822	18	20	3.6851258	33	71.8434211	82.7873691	94	146	16.2354431	23	74.6786162	88.6548186	101	215	20.5775867	0	5.110973	6.9714376	8	17	2.1909841	2.1466201	
Rosalina	1	35.188%	3	6	10.5339546	14.4997115	20	4.9051891	19	58.6193001	68.9598158	79	137	14.9586687	20	72.545193	87.5261453	100.3310345	200	21.6664895	0	4.9164179	5.9071274	7	14	2.0978974	2.5317154	
Rosalina	0	41.628%	1	1	1	1	1	0	13	47	55.3101758	63	120	12.1533741	18	64.2548759	77.8084943	88.6081004	209	19.5945187	0	3.967638	4.8741232	6	12	1.9771711	2.9303834	
Shy Guy	4	0.172%	15	18	18.9418605	20	20	1.1448027	90	103	108.9069767	115	126	8.347995	39	67	77.6162791	90	133	19.3686204	3	5	6.9767442	8	13	2.0908257	2.3488372	
Shy Guy	3	1.87%	12	16	17.7032321	19	20	1.9860136	68	95	100.6042781	107	125	9.2742864	28	64.171875	77.859893	89	158	19.8724986	1	5	6.9786096	8	15	2.2068373	2.2780749	
Shy Guy	2	15.19%	10	13	15.6854689	18	20	3.0465596	58	84	91.2076366	99	119	10.4613371	30	67.9985599	81.760237	92.8365793	211	20.751828	0	5	7.000395	8	15	2.1990781	2.2545095	
Shy Guy	1	57.298%	6	7	11.0012344	15	20	4.6139055	44	71	78.8279172	87	107	10.7263969	24	60	75.6328319	88.073783	196	21.7221922	0	5	6.1029006	7.9683047	15	2.1478774	2.5519913	
Shy Guy	0	25.47%	1	1	1	1	1	0	32	60	65.9517864	72	80	7.1080195	18	42	55.7902631	65.0426986	164	18.590043	0	4	5.3261091	6	12	1.7485126	2.8553592	
Waluigi	4	0.514%	12	16	17.7859922	19	20	2.1091145	81	110	119.8560311	131	161	15.2233275	32	63	76.1945525	87	133	18.482958	1	5	6.9922179	9	13	2.3339688	2.1361868	
Waluigi	3	3.534%	9	15	16.5928854	19	20	2.727272	64	97	107.467459	118	152	15.0487583	24	65.2578125	79.089983	90	164	20.1800427	0	5	7.008489	8.3046875	14	2.329272	2.1539332	
Waluigi	2	15.428%	6	12	14.5788663	18	20	3.7720793	45	85	94.9144413	105.0401786	143	14.8736862	22	66	80.5981333	92.182398	202	20.8664911	0	5	6.6486907	8	15	2.2889515	2.2837698	
Waluigi	1	36.512%	3	6	10.4852826	14.7246005	20	4.9550831	35	72.9896976	82.1474584	91.1637084	128	13.5198531	18	66.8498015	81.5271144	94	200	21.307986	0	5	6.0440403	7.1030024	16	2.1722822	2.5061897	
Waluigi	0	44.012%	1	1	1	1	1	0	25	62.4318018	69.8800327	77.1907912	110	10.9720574	12	62.8725869	77.2751977	89.1311366	193	21.0110065	0	4	5.1965828	7	13	2.0747372	2.8468599	
Wario	4	2.202%	10	16	17.4232516	19	20	2.203697	79	123.7916667	134.5921889	146	180	16.756684	27	61	74.0563124	85	155	19.1660962	0	5	6.7129882	8	15	2.3440078	2.2470481	
Wario	3	10.306%	8	14	15.9413176	18.5660714	20	3.0099893	58	111.7170759	122.981176	135	176	16.75766	25	65.0344388	78.5490006	89.7800752	182	19.9284178	0	5	6.9019988	8.3577806	16	2.3556938	2.1861052	
Wario	2	34.612%	6	10	12.9238115	16	20	3.9280468	42	103	113.2785161	124.1287388	161	15.8860235	18	65.9729167	79.217439	90.697205	202	19.9871864	0	5	6.5900266	8	16	2.355794	2.2972957	
Wario	1	44.298%	3	3	4.7402481	6	20	1.828697	18	93	102.3551402	112.4287883	149	14.3627446	17	73.2638386	86.8692492	98	212	20.1513522	0	5	6.3495417	8	16	2.4113507	2.3518443	
Wario	0	8.582%	1	1	1	1	1	0	30	66.4468085	76.7960848	84	114	12.251925	18	46.0930851	56.3472384	64	142	14.3549456	0	3	3.9009555	5	11	1.710926	3.4001398	
Yoshi	4	0.498%	12	17	17.9116466	20	20	1.9758138	80	103	112.6947791	123	155	15.0104118	37	65	80.1767068	90	169	23.4366809	2	6	7.7831325	9	15	2.5128498	1.8955823	
Yoshi	3	3.956%	8	15	16.7629097	19	20	2.6501448	49	90	100.3528817	110	148	14.9620634	28	65	81.1830131	93.2222222	211	22.6828905	1	6	7.4903943	9	14	2.3044685	1.9853387	
Yoshi	2	17.532%	6	12	14.7129992	18	20	3.6683128	43	77.8866279	87.5788273	97.2728664	139	14.4620592	16	67.9872798	82.9641798	95	220	22.3961103	0	5.7857143	7.036961	8.7883598	16	2.2132497	2.0878394	
Yoshi	1	35.854%	3	6	10.5698479	14.6567967	20	4.8648715	31	66	74.8525688	84	127	13.0341201	18	67.8633242	83.5040442	96.876779	207	23.2198457	0	5	6.2470575	8	14	2.1128267	2.3740168	
Yoshi	0	42.16%	1	1	1	1	1	0	21	56.4012421	63.5359108	70.8304736	110	10.5288949	11	64	80.4566414	93.7335816	215	23.3421994	0	4	5.5111954	7	13	2.0500539	2.6687856	
