Character	AllyCount	Frequency	Min Turn Gained	1st Quartile Turn Gained	Avg Turn Gained	3rd Quartile Turn Gained	Max Turn Gained	Turn Gained SD	Min Distance	1st Quartile Distance	Distance Avg	3rd Quartile Distance	Max Distance	Distance SD	Min Coins	1st Quartile Coins	Coin Avg	3rd Quartile Coins	Max Coins	Coin SD	Min Stars	1st Quartile Stars	Star Avg	3rd Quartile Stars	Max Stars	Stars SD	Average Place
Boo	0	72.122%	1	1	1	1	1	0	27	70.8501705	79.7790688	89	128	13.3968351	17	56	69.3486592	80	187	19.0410354	0	4	5.6927151	7	16	2.1403694	2.7072461	
Boo	4	0.254%	12	17	17.9133858	19	20	1.8949731	86	112	125.2047244	141	172	18.7848735	31	53	65.2125984	75	152	18.8419159	1	4	5.5669291	7	13	2.2328632	2.7795276	
Boo	3	1.514%	8	15	16.7047511	19	20	2.7311551	59	104.25	115.4782034	127.0277778	172	17.6028733	23	57	69.2364597	79	176	17.8616684	0	4	5.6089828	7	15	2.1674483	2.7291942	
Boo	2	6.826%	6	12	14.8356993	18	20	3.6039051	54	93.4328704	104.4717258	116	161	16.3390365	18	59	71.3263991	81.6859568	157	18.1676149	0	4	5.6448872	7	14	2.2315167	2.6762379	
Boo	1	19.284%	3	7	11.2120669	15.2552083	20	4.9594317	32	81.4866071	91.9036507	102	143	15.0832286	24	61	73.3097905	83.8099078	172	18.2407716	0	4	5.5356772	7	14	2.1952558	2.728687	
Bowser	0	51.01%	1	1	1	1	1	0	12	77.8607452	91.5529504	104.8621133	184	19.6350917	2	47.8152999	61.8087042	73.6313621	184	20.3750154	0	3	4.3473437	6	14	2.1478198	3.2039992	
Bowser	4	0.774%	10	16	17.3100775	19	20	2.4488518	67	133	149.2713178	165	217	22.6648718	28	54	68.4392765	79	194	21.1361602	0	4	5.9379845	7	14	2.3496174	2.5968992	
Bowser	3	4.314%	6	14	15.9697327	19	20	3.1959505	58	122.125	137.5071859	153.035	210	22.8804227	18	57	70.8664812	83	145	19.9594576	0	4	5.9188688	7	13	2.2558636	2.5883171	
Bowser	2	15.11%	4	10	13.5408456	17	20	4.2176866	54	107.48126	123.3073461	139.3045499	205	22.8563156	13	58.7337912	72.9346128	85.8962766	173	20.9742261	0	4	5.9114494	7	15	2.299937	2.5915288	
Bowser	1	28.792%	2	4	8.6368647	13	20	5.5568134	27	94	109.2306196	124.3885818	186	21.9565143	16	58.2068135	72.839122	85.3883269	185	21.023045	0	4	5.3743401	7	15	2.2768219	2.8045985	
Bowser Jr	0	18.42%	1	1	1	1	1	0	29	58.8898285	67.5121607	76	120	12.9849204	27	75.1441761	90.6803474	103.7249587	211	22.8814937	0	4	5.1765472	7	13	2.1474155	2.7806732	
Bowser Jr	4	0.926%	10	16	17.5961123	19	20	2.1716179	74	107	119.6263499	132	171	17.429671	24	62	75.9913607	88	169	20.1032951	1	6	7.5010799	9	14	2.3823276	2.062635	
Bowser Jr	3	6.286%	7	14	16.4104271	19	20	2.9187827	55	93	105.0591791	116.0126953	187	17.3494249	20	64.4306641	77.7305122	89	164	19.8256699	0	6	7.2233535	9	16	2.2640803	2.0448616	
Bowser Jr	2	23.496%	4	11	14.2909991	17.9845208	20	3.8678662	42	81	92.5093633	103	172	16.5827954	19	68	82.0600953	93.8720974	213	20.7615882	0	5.7307773	7.0371127	8.2122765	16	2.2361026	2.1202758	
Bowser Jr	1	50.872%	2	5	9.2874234	13	20	4.8540762	32	69.9801157	80.5624312	91	157	15.2402264	18	68.5147368	83.0550794	95.6119933	213	21.5373042	0	4.9654276	6.0595613	7.9404557	15	2.1997366	2.4599387	
Daisy	0	35.468%	1	1	1	1	1	0	63	65.6700515	66.8002143	68	74	1.8432904	21	81	95.9924439	109.5534884	213	21.8283168	0	6	6.8751551	8	14	1.915339	2.1155408	
Daisy	4	0.492%	13	17	18.0325203	20	20	1.9251648	94	111	117.6869919	125	140	9.8250754	46	73	86.2723577	97	145	18.5032135	3	7	8.1869919	10	13	2.163442	1.7601626	
Daisy	3	4.466%	10	14.921875	16.4703509	19	20	2.7732348	76	95	103.3170622	111	133	10.7377133	33	76	89.1401702	100	213	19.8586263	1	7	8.2261532	10	15	2.2943683	1.7321988	
Daisy	2	24.548%	7	12	14.3890734	18	20	3.684176	69	84.2857143	91.9678996	99.7364341	121	10.3119083	19	76.1595765	89.4097279	99.5477673	201	19.28023	0	6	7.6566726	9	16	2.1389567	1.8788496	
Daisy	1	35.026%	4	6	10.3380648	14	20	4.8646478	62	71	78.0322617	84	102	7.9730703	27	76.2292608	90.3346086	102	199	20.8029137	0	6	6.9825273	8	15	2.0100054	2.0935876	
Diddy Kong	0	97.93%	1	1	1	1	1	0	7	56	69.7115082	77	133	15.5755615	20	51	63.1510262	72	197	17.524331	0	4	5.0175023	6	14	1.6572298	3.0121107	
Diddy Kong	4	0.004%	20	20	20	20	20	0	137	137	140.5	144	144	3.5	72	72	80	88	88	8	9	9	9	9	9	0	1.5	
Diddy Kong	3	0.038%	16	17	18.4761905	20	20	1.3669238	73	90	102.6842105	110	134	14.2867352	42	56	69.1052632	82	99	14.7001423	1	4	4.9473684	7	9	2.1636637	2.9473684	
Diddy Kong	2	0.432%	10	16	17.1181435	19	20	2.3552545	60	87	98.9305556	110	140	15.9117878	35	58	69.8935185	79	140	16.8636348	1	4	5.3101852	6	11	1.9605101	2.7962963	
Diddy Kong	1	1.596%	7	12	14.5690821	17	20	3.0385304	51	74	85.3746867	96	134	15.3735023	29	53	64.4385965	75	122	16.0164581	0	3	4.1716792	5	11	1.6849176	3.254386	
Donkey Kong	0	90.998%	1	1	1	1	1	0	0	50	64.8069188	80	150	20.6222989	11	46	58.6694433	68.2496537	163	17.7340617	0	4	5.5222532	7	17	1.9996275	2.6960593	
Donkey Kong	4	0.002%	20	20	20	20	20	0	121	121	121	121	121	0	71	71	71	71	71	0	8	8	8	8	8	0	2	
Donkey Kong	3	0.114%	13	18	18.6206897	20	20	1.4951368	83	107	119.754386	133	187	19.0385396	26	64	75	87	124	18.0904162	3	6	7.3333333	9	12	1.9764698	1.9824561	
Donkey Kong	2	1.462%	9	16	17.4803549	19	20	2.202932	68	88.25	101.9917921	113.6111111	173	18.6229765	27	62.75	74.9001368	85.9166667	149	19.3650831	1	5	6.5554036	8	14	2.0839121	2.2845417	
Donkey Kong	1	7.424%	6	13	15.318818	18	20	3.3324796	60	77.7725	91.0150862	103.48	152	18.7280126	25	57	70.7847522	82	161	19.166994	1	5	6.3838901	8	16	1.982273	2.3941272	
Dry Bones	0	45.798%	1	1	1	1	1	0	30	65	71.5756147	80	110	10.5915926	36	77.2335847	91.7337875	102.9627169	237	20.4168182	0	4	5.7554478	7	14	2.1354061	2.5563998	
Dry Bones	4	0.466%	11	16	17.5622318	19	20	2.2459765	70	111	125.0214592	140	175	20.3318913	33	62	75.8583691	87	161	20.1588463	2	6	7.8240343	9	15	2.3363019	1.8927039	
Dry Bones	3	3.794%	8	15	16.4460094	19	20	2.9109064	50	96.7777778	110.4501845	123.3858025	167	18.6875305	24	65.4166667	79.0859251	90.2314815	174	19.1296797	1	6	7.5218766	9	16	2.3691193	1.9377965	
Dry Bones	2	13.924%	6	11	14.0318962	17.800037	20	4.0935598	43	84	96.6331514	109	160	17.7650126	25	65	78.5969549	89.8344693	200	19.6738527	0	6	7.0764148	9	15	2.2473243	2.1141913	
Dry Bones	1	36.018%	3	5	9.5499059	14	20	5.3437386	35	71	81.6405686	90.2918889	135	15.0109524	24	70	83.9411405	95	223	19.8320893	0	5	6.526459	8	15	2.1976777	2.3010162	
Goomba	0	40.908%	1	1	1	1	1	0	19	51	58.4199668	65.9228942	99	10.4717196	21	65	78.2745184	89	188	19.226895	0	4	5.3407158	7	13	1.881325	2.7385841	
Goomba	4	0.472%	12	17	17.9322034	20	20	1.9775383	75	99	109.5042373	120	153	15.3671171	51	74	87.2881356	98	184	18.9772842	3	7	8.3177966	10	14	2.1873725	1.7330508	
Goomba	3	3.162%	9	15	16.7506879	19	20	2.6364848	53	88.0765306	98.0910816	108	141	14.5772145	34	75.3622449	89.342821	100.9030612	189	20.1334289	0	7	8.0354206	10	15	2.2398858	1.7691335	
Goomba	2	15.42%	6	12	14.764249	18	20	3.6738061	37	75.0184949	85.6808042	95.3703148	134	14.4765361	32	76	90.0705577	101.0666667	199	20.3773533	0	6	7.395201	9	15	2.1274203	1.9806744	
Goomba	1	40.038%	3	6	10.4628715	14	20	4.8740439	29	64	73.4106599	82.9294617	121	13.2121654	27	75	89.632599	101.8653519	212	21.2876732	0	5	6.4729507	8	15	2.0932373	2.2941705	
Hammer Bro	0	57.358%	1	1	1	1	1	0	21	49	55.9726978	62	92	9.5832102	29	70	83.5738694	93.985072	201	19.5481501	0	4	5.0813139	6.1788732	13	2.0620993	2.7964015	
Hammer Bro	4	0.298%	13	17	18.1275168	20	20	1.7038787	70	94	105.5771812	119	136	15.5637598	37	70	84.2483221	94	158	21.0173805	3	6	8.0201342	10	14	2.5049476	1.9463087	
Hammer Bro	3	2.2%	10	15.19	17.0960769	19	20	2.4583758	48	81.9166667	91.5645455	101	138	14.7813278	34	72.4	86.3590909	97.25	201	19.6944653	1	6	7.5372727	9	15	2.1774614	1.9309091	
Hammer Bro	2	9.862%	7	12.5543767	15.1414239	18	20	3.4830704	34	71	80.4619753	90.1744108	127	14.1149036	31	74	87.7213547	99	201	20.1256	0	6	7.120868	9	14	2.1416083	2.0809166	
Hammer Bro	1	30.282%	4	7	11.2632616	15	20	4.826094	21	60	69.1034938	78	115	12.9110004	28	74	88.3935671	100	242	20.6789737	0	5	6.321313	8	14	2.0429606	2.3628558	
Koopa	0	26.53%	1	1	1	1	1	0	28	59	68.7055409	78	132	13.9219727	19	73.8940085	89.7068979	103.2895955	216	23.261561	0	4	5.6718432	7	14	2.2247373	2.5788918	
Koopa	4	0.766%	12	17	17.921671	20	20	2.0551471	67	104	115.4255875	127	174	18.5840571	32	63	75.2924282	85	152	18.4370532	1	6	7.2741514	9	13	2.241441	2.0861619	
Koopa	3	5.758%	8	15	16.6879215	19	20	2.7614265	53	89.8566667	102.0649531	113.4770115	163	17.3330057	23	65	78.2486975	89.226601	170	19.8053039	0	5.57	7.0802362	9	15	2.2593609	2.1184439	
Koopa	2	24.022%	6	12	14.584561	18	20	3.6909611	37	78.4527923	90.5956207	102	162	17.0403903	21	67.0700118	81.6471568	93.7182773	209	20.8982068	0	5	6.7397386	8	16	2.2267667	2.2198818	
Koopa	1	42.924%	4	6	10.1640397	14	20	4.7082097	31	67	78.3617091	88.8657578	143	15.5641363	15	70	85.1548318	98	220	22.062686	0	5	6.163871	8	16	2.2237259	2.4144069	
Luigi	0	44.49%	1	1	1	1	1	0	30	64	71.6619915	79.0649737	115	11.2006717	27	78	92.0182962	103.0250183	215	20.1655673	0	4	5.4538548	7	14	2.1704392	2.6666667	
Luigi	4	0.468%	12	16	17.7948718	20	20	2.1305208	71	107	119.5299145	132	167	18.0130877	24	59	71.3846154	82	136	19.2739345	2	5	7.0384615	9	14	2.4552872	2.1666667	
Luigi	3	3.824%	8	15	16.6244175	19	20	2.8192919	53	94	106.1297071	117	171	16.9094907	29	63.2654321	76.7740586	88	223	19.5235668	1	5.6851852	7.1401674	8.8395062	15	2.3070334	2.08159	
Luigi	2	14.74%	5	11.6229143	14.4997898	18	20	3.8529207	45	83	93.5054274	104	158	15.8830798	15	65	78.4516961	90	213	19.746244	0	5	6.909498	8	15	2.2264792	2.1761194	
Luigi	1	36.478%	3	6	10.2676275	14	20	5.0206278	35	71.6351954	81.344043	90.9926649	134	14.091152	24	68.1841782	82.4959702	94	200	20.3925878	0	5	6.1832886	8	14	2.1437749	2.429245	
Mario	0	22.578%	1	1	1	1	1	0	46	65	70.1285322	75	101	7.2706586	11	71.4203008	87.3028612	101.3870229	204	23.2048642	0	5	5.9463194	7	13	2.0080331	2.4897688	
Mario	4	0.742%	12	17	17.9487871	20	20	1.9837799	86	111	119.2803235	128	157	12.5301627	30	67	80.9541779	91	172	20.6128621	2	6	8.0404313	10	16	2.2549099	1.7708895	
Mario	3	5.946%	8	15	16.6411483	19	20	2.6865438	65	98.1666667	107.1251261	116	158	12.6792755	27	70	83.79482	94.4777778	181	19.9899642	1	6	7.8486377	9	17	2.2868529	1.8509923	
Mario	2	25.184%	6	11	14.3269327	18	20	3.7791926	56	87	95.4448062	104	138	12.0741226	12	71	84.8152001	96	193	20.2931208	0	6	7.3511753	9	15	2.2490839	2	
Mario	1	45.55%	3	5	9.600372	13	20	4.7324145	42	76	83.4526894	91	125	10.6738964	20	73	87.229067	99.4317111	205	21.0653074	0	5	6.81809	8	15	2.1655657	2.1658397	
Monty Mole	0	34.238%	1	1	1	1	1	0	31	60	65.8634266	72	99	8.8449948	15	66.8171412	80.4742684	92.0539518	196	20.3599831	0	4	5.4523629	7	13	1.9564286	2.6930311	
Monty Mole	4	0.572%	12	17	17.9265734	19	20	1.9355508	80	107	116.6503497	126	150	13.612396	42	71	83.1888112	93	150	18.211635	3	6	8.020979	10	15	2.2593041	1.7867133	
Monty Mole	3	4.194%	9	15	16.6940831	19	20	2.6625885	64	95.0225	104.6075346	114	152	13.6612746	33	71.415	84.4287077	95	167	19.0458823	1	6	7.8302337	9	14	2.2030416	1.8621841	
Monty Mole	2	19.206%	6	12	14.5357083	18	20	3.7136493	50	83	92.0991357	101.1549745	139	13.2562188	22	72	85.6652088	96.274924	191	20.1852729	0	6	7.260856	9	14	2.18735	2.0479017	
Monty Mole	1	41.79%	3	6	10.1155378	14	20	4.8647411	34	71.3011951	79.8019143	88	121	12.0612283	26	72.7043871	86.1282125	97.4242815	210	20.2864194	0	5	6.5350084	8	15	2.1055896	2.2993539	
Normal Dice	0	26.45%	1	1	1	1	1	0	39	65	70.1648393	75	99	7.5580408	14	75	89.5101701	101.8780293	221	21.2481333	0	4	5.8204915	7	13	2.0419763	2.5333081	
Normal Dice	4	0.738%	11	16	17.7777778	19	20	1.990341	81	109	118.5528455	129	157	14.0304759	31	65	78.8536585	90	149	19.5865183	1	6	7.6612466	9	15	2.3700113	1.9078591	
Normal Dice	3	5.19%	8	15	16.6089744	19	20	2.6829673	61	99	107.4400771	116.0133136	151	12.8909078	27	69.9245562	82.9495183	93.7825444	200	19.6191522	1	6	7.7001927	9	16	2.2680447	1.9287091	
Normal Dice	2	21.798%	6	11	14.3437928	18	20	3.8168739	53	86.9061834	95.2577301	104	138	12.4687739	25	71.7824934	85.0083494	96.187373	209	20.0993866	0	6	7.3034223	9	16	2.2127752	2.0296357	
Normal Dice	1	45.824%	3	5	9.7313664	13.2109013	20	4.8473115	38	75.3735955	83.298228	91	125	11.0394623	22	73.7464318	87.3365049	98.9328449	203	20.2413354	0	5	6.6920828	8	16	2.1267722	2.2275227	
Peach	0	19.56%	1	1	1	1	1	0	34	60	66.2924335	72	96	8.990859	14	53.9614035	67.8621677	79.0333238	193	19.9795146	0	4	5.6676892	7	13	2.0162426	2.7122699	
Peach	4	0.802%	12	17	18.0947631	20	20	1.8200867	75	106	115.4189526	125	166	14.1590199	36	64	76.9351621	88	141	18.8228594	1	6	7.5386534	9	14	2.3164009	1.9750623	
Peach	3	5.416%	9	15	16.6175619	19	20	2.6002128	63	96	104.7186115	114	150	13.2894376	30	66	79.3223781	90	197	19.4452567	1	6	7.4634417	9	16	2.262776	2.0339734	
Peach	2	24.382%	6	11	14.0894118	17	20	3.7314569	47	85	93.92314	103	136	12.7060718	25	68.3154681	81.71602	92.6888889	211	19.7663758	0	6	7.1346075	9	16	2.2202953	2.1314084	
Peach	1	49.84%	3	5	9.1108901	13	20	4.8339648	39	72.1915464	80.8506421	89.307672	121	11.9493347	19	65	79.0107544	90.7195748	206	20.2415818	0	5	6.2412921	8	15	2.1058669	2.4725923	
Pom Pom	0	20.678%	1	1	1	1	1	0	32	64.0557692	71.3208241	79	112	10.6082308	0	47.0416667	66.080472	83.0179098	220	25.7849721	0	4	5.2605668	7	13	2.0311443	2.8019151	
Pom Pom	4	0.492%	12	17	18.4715447	20	20	1.7052058	68	98	110.4593496	121	163	16.5248142	25	67	80.7886179	94	155	21.0466968	1	6	8.1829268	10	15	2.3276076	1.796748	
Pom Pom	3	5.214%	8	16	17.2607781	19	20	2.3851084	56	88.0547337	98.4744918	107.4792899	150	14.8011244	25	69	82.1384733	93.0399408	175	20.3754085	1	6	7.9129267	9	16	2.2237028	1.7924818	
Pom Pom	2	30.144%	5	12	14.8601953	18	20	3.3638297	48	79	88.2074045	96.369144	166	13.2261825	11	68	82.1363455	94	207	21.2175986	0	6	7.2431661	9	16	2.1882266	2.0308519	
Pom Pom	1	43.472%	3	7	10.4433322	13	20	4.0535108	35	70.6566019	78.2179794	85.8699922	132	11.3884171	7	61.7409704	77.9322322	92.2789869	200	23.7179216	0	5	6.3139952	8	14	2.1823815	2.3718715	
Rosalina	0	41.548%	1	1	1	1	1	0	14	46.9238782	55.1901897	63	106	12.2762982	18	64.9589506	78.1949552	88.8279412	195	19.6141641	0	3.2396341	4.8488495	6	14	1.9877039	2.9387696	
Rosalina	4	0.5%	11	17	18.228	20	20	1.9015825	71	98	108.62	121	156	16.8768362	32	72	86.312	99	191	22.2550366	2	7	8.04	10	16	2.3508296	1.82	
Rosalina	3	3.948%	7	15	16.8098022	19	20	2.5963923	48	85	96.4341439	107.3703704	152	16.7184344	33	74	87.2776089	98.4444444	179	19.6481444	2	6	7.6453901	9	15	2.1805269	1.9138804	
Rosalina	2	18.848%	5	12	14.6331559	18	20	3.6956161	26	71.2170093	82.712118	93.8372213	142	16.4464131	29	74.4833712	88.7203947	100.4126984	201	20.5929769	0	5	6.9669992	8	16	2.1753738	2.1459041	
Rosalina	1	35.156%	3	6	10.47119	14	20	4.8898083	18	58.641604	69.0812948	79	137	14.9481198	22	73	87.989191	100.6648936	222	21.8042992	0	4.8071825	5.9145523	7	14	2.1101974	2.5270224	
Shy Guy	0	25.322%	1	1	1	1	1	0	32	60	65.8639918	72	80	7.1804007	19	41	53.342548	61.9375521	152	16.9638906	0	4	5.1927178	6	12	1.72297	2.9215702	
Shy Guy	4	0.146%	16	18	18.9178082	20	20	1.1557293	77	101	107.3287671	114	132	10.2128777	35	60	71.1917808	83	100	14.7477953	4	5	6.8356164	8	12	1.7751226	2.4794521	
Shy Guy	3	1.912%	12	16	17.6588921	19	20	1.9560951	69	94	100.6443515	107	124	9.5254053	27	62	74.2876569	83	164	17.914835	1	5	6.5732218	8	14	2.1360314	2.4947699	
Shy Guy	2	15.564%	10	13	15.6674611	18	20	3.0468602	50	84.0663265	91.2540478	99	120	10.5275565	27	66.3290816	78.5832691	88.6307143	194	18.6307142	0	5	6.7135698	8	16	2.1309768	2.3721408	
Shy Guy	1	57.056%	6	7	10.9560245	15	20	4.6638748	44	71	78.9228828	87	106	10.74218	24	58.5760607	72.630889	84.2279604	202	20.1077747	0	4	5.8814148	7	15	2.1368773	2.6636287	
Waluigi	0	43.68%	1	1	1	1	1	0	29	62.5800416	69.984478	77.2491182	112	11.0140971	13	61.71512	75.5105311	86.8143748	214	20.176392	0	4	5.1036172	6.5726443	14	2.0916995	2.8878205	
Waluigi	4	0.534%	11	17	17.7977528	19	20	1.9090546	77	110	119.8838951	130	158	14.4493693	29	62	74.8164794	85	136	18.7967652	0	5	6.8277154	8	14	2.3143219	2.2397004	
Waluigi	3	3.516%	9	15	16.76	19	20	2.6693838	60	97	106.5705347	116.484375	169	14.8197504	22	64	76.2673493	87	161	19.1122418	1	5	6.7827076	8	14	2.2665137	2.21843	
Waluigi	2	15.692%	6	12	14.5909229	18	20	3.7335279	46	84.7921109	94.790339	105	153	14.7968059	19	65	78.949401	90	203	20.0049347	0	5	6.5528932	8	15	2.2809753	2.3357125	
Waluigi	1	36.578%	3	6	10.4041903	14.0385375	20	4.9611542	35	73	82.2287167	91.0956376	130	13.4474233	14	66	80.1112691	91.8992136	189	20.3595256	0	4.0418207	5.9473454	7	15	2.1849811	2.5576576	
Wario	0	8.49%	1	1	1	1	1	0	30	66.1701323	77.0190813	84	114	12.3306188	19	47	56.3269729	63.0425331	164	14.3506661	0	3	3.8581861	5	12	1.6802482	3.409894	
Wario	4	2.14%	11	16	17.4205607	19	20	2.2972449	78	123	134.5158879	146	190	16.7730099	19	60	73.6429907	85	149	19.1110777	1	5	6.6962617	8	14	2.3137713	2.2878505	
Wario	3	10.62%	8	14	15.9984326	19	20	2.9913665	60	111.8986175	122.845951	134	173	16.8264767	23	65	78.2967985	89	188	19.5910653	0	5	6.8517891	8	15	2.3705808	2.1966102	
Wario	2	34.518%	6	9.8653764	12.922924	16	20	3.9483507	42	103	113.2255055	124	163	15.8085193	12	65	78.8330147	90.376462	191	19.9654588	0	5	6.5760473	8	16	2.3654834	2.3104467	
Wario	1	44.232%	3	3	4.7663862	6	20	1.8886493	40	93	102.2720203	112.1686823	149	14.3621284	18	73	86.5277175	97.657213	192	20.0667497	0	5	6.3260988	8	15	2.3956441	2.3455869	
Yoshi	0	42.38%	1	1	1	1	1	0	25	56.9145755	63.6611137	70.8883167	107	10.5855009	12	62	76.4037754	88.9534824	199	21.2415259	0	4	5.3933459	7	13	2.0298209	2.747428	
Yoshi	4	0.428%	12	16	17.8504673	20	20	1.9967438	75	103	113.0607477	124	154	14.8774135	24	63	75.1074766	86	147	19.6925585	1	6	7.5841121	9	16	2.3679973	1.9719626	
Yoshi	3	3.9%	9	15	16.9020333	19	20	2.6119333	49	89	99.3117949	110	145	14.9246385	18	64.8888889	77.9461538	89.0740741	184	19.5027591	0	6	7.3538462	9	16	2.2649895	2.0415385	
Yoshi	2	17.664%	6	12	14.764096	18	20	3.6455605	41	77	87.1722147	97	135	14.285461	14	65	79.5969203	91.3902439	207	20.7345713	0	5	6.8088768	8	15	2.2111528	2.2079937	
Yoshi	1	35.628%	3	6	10.5522041	14.013617	20	4.8325662	26	66	75.006624	84	122	13.1723708	16	65.3731644	80.1351746	92.9154351	207	21.4973197	0	5	6.0962726	7.5421245	15	2.0995476	2.4626698	
