Character	AllyCount	Frequency	Min Turn Gained	1st Quartile Turn Gained	Avg Turn Gained	3rd Quartile Turn Gained	Max Turn Gained	Turn Gained SD	Min Distance	1st Quartile Distance	Distance Avg	3rd Quartile Distance	Max Distance	Distance SD	Min Coins	1st Quartile Coins	Coin Avg	3rd Quartile Coins	Max Coins	Coin SD	Min Stars	1st Quartile Stars	Star Avg	3rd Quartile Stars	Max Stars	Stars SD	Average Place
Diddy Kong	4	0.002%	19	19	19.5	20	20	0.5	106	106	111.5	117	117	5.5	69	69	81	93	93	12	5	5	6.5	8	8	1.5	2	
Diddy Kong	3	0.03%	13	18	18.375	20	20	1.5958932	88	102	109.6666667	117	137	11.8949102	45	56	68.5	79	99	14.2238063	1	4	5.2666667	6	11	2.0805982	2.7666667	
Diddy Kong	2	0.39%	11	16	17.4383886	19	20	2.0675203	60	87	97.0102564	106	145	14.2780052	34	58	69.4512821	78	149	16.1423614	1	4	5.1307692	6	11	1.8785775	2.874359	
Diddy Kong	1	1.58%	7	13	14.7577423	17	20	2.9405961	49	75	85.5759494	95.2142857	136	15.2159536	29	53	64.3373418	74	123	15.7600118	0	3	4.2474684	5	11	1.6447538	3.2063291	
Diddy Kong	0	97.998%	1	1	1	1	1	0	7	56	69.8547113	78.4062379	133	15.6206233	18	51.0113442	63.3087206	72.1202113	195	17.5354478	0	4	5.0295924	6	13	1.6570433	3.0101125	
Daisy	4	0.49%	13	17	18.0346939	20	20	1.8252258	84	110	116.677551	125	141	10.4447089	38	72	84.4367347	95	159	18.9859529	3	7	8.2183673	10	15	2.326263	1.7918367	
Daisy	3	4.541%	10	14	16.3710992	19	20	2.7788049	74	94.958	103.2087646	111.61	133	11.1435163	35	76	89.1085664	99	195	19.1688075	1	7	8.2664611	10	16	2.1997568	1.7084343	
Daisy	2	24.973%	7	12	14.467171	18	20	3.6882528	68	84	91.6859408	99.089307	121	10.3957949	31	76.1512979	89.2691707	99.034251	208	19.0989313	0	6	7.649101	9	16	2.122109	1.8827934	
Daisy	1	34.793%	4	6	10.3905119	14.0929121	20	4.8609577	62	71	77.8992039	84	102	7.9855723	25	76	90.0171011	101.8273128	222	20.7729	0	6	6.9991665	8	15	1.9990439	2.0957664	
Daisy	0	35.203%	1	1	1	1	1	0	62	65.9089636	66.7981422	68	75	1.8472135	23	81.3486103	96.4224072	109.9848713	226	22.3352988	0	6	6.8787603	8	14	1.9281954	2.1033151	
Goomba	4	0.395%	12	17	17.9392405	20	20	1.897728	75	100	110.8455696	121	161	14.5300718	42	77	89.4506329	99	160	19.8789875	3	7	8.6	10	16	2.2973843	1.6481013	
Goomba	3	3.033%	9	15	16.8593932	19	20	2.599941	54	88	98.3138806	108	148	14.8348996	32	75.4768145	89.2410155	100.1129032	190	19.5466827	1	6.2600806	8.0098912	9.4788306	15	2.2137435	1.7893175	
Goomba	2	15.255%	6	12	14.7840283	18	20	3.6505813	37	75.9963333	85.8941986	95.8258242	141	14.3773449	25	76.1727208	90.5278269	102	197	20.5757634	0	6	7.3722714	9	16	2.1595924	1.9777778	
Goomba	1	40.308%	3	6	10.5214355	14.6178201	20	4.9207078	18	64	73.2286643	82.526582	119	13.3069086	26	74.9944271	89.353379	101.1198388	226	21.0313602	0	5	6.4707006	8	15	2.0546904	2.2911581	
Goomba	0	41.009%	1	1	1	1	1	0	17	51.1285121	58.5104002	65.9041837	96	10.4305679	22	65	78.3972543	88.9703263	211	19.3736767	0	4	5.3302446	7	14	1.8905047	2.7396425	
Dry Bones	4	0.552%	12	17	17.8152174	20	20	2.0408652	81	111	124.8333333	139	183	18.4926869	32	61.75	74.7445652	85	166	18.7772499	1	6	7.5072464	9	15	2.2690302	2.0217391	
Dry Bones	3	3.596%	8	14	16.3481196	19	20	2.9974803	58	95.9473684	109.8887653	123.8642659	170	18.742455	20	65	78.0314238	88.8448753	181	19.2826688	0	6	7.5116796	9	17	2.404026	1.9791435	
Dry Bones	2	13.925%	6	11	14.0943396	18	20	4.0793338	40	83.2607686	96.4188151	108.8408675	157	17.770913	23	65	78.822693	90	184	20.0295997	0	5.4702601	7.0952244	9	17	2.2732182	2.1076481	
Dry Bones	1	35.676%	3	5	9.5418333	14	20	5.3357237	33	71	81.7107579	90.9233503	137	14.9363698	24	70	83.9034365	95.1039821	196	19.9847335	0	5	6.5170703	8	16	2.1977996	2.3092555	
Dry Bones	0	46.251%	1	1	1	1	1	0	30	65	71.5118592	80	110	10.5979049	31	77.8951336	91.7422758	102.9819641	222	20.2579237	0	4	5.7719833	7	14	2.1467196	2.5505827	
Boo	4	0.261%	11	16	17.8084291	20	20	2.1975443	83	116	128.9885057	143	173	18.9337386	28	57	68.2375479	77	137	17.980329	1	4	5.3678161	7	12	2.1573093	2.8505747	
Boo	3	1.527%	8	15	16.840604	19	20	2.6889005	63	104.3214286	115.7491814	127	169	16.6728398	20	58.2755102	70.0039293	80	161	17.5760668	0	4	5.7570399	7	14	2.2192912	2.6457105	
Boo	2	7.169%	6	12	14.9449592	18	20	3.5575911	49	93	104.0206444	115	160	16.0946988	21	58.6926407	71.1796624	82	155	18.0677674	0	4	5.5914353	7	14	2.2443281	2.6982843	
Boo	1	18.945%	3	7	11.2105225	15.2072531	20	4.941988	34	81.4273601	91.7443125	102	144	15.0280277	14	60.9199372	73.3391396	83.9044588	191	18.3799379	0	4	5.5357614	7	15	2.1899025	2.7363948	
Boo	0	72.098%	1	1	1	1	1	0	24	70.7540082	79.6884796	89	128	13.3143024	16	56	69.3772504	79.9767803	195	19.1314615	0	4	5.6856917	7	15	2.1424241	2.7056645	
Koopa	4	0.725%	11	16	17.8331034	19	20	1.9563532	73	104	116.4606897	128	180	17.8354985	27	62	75.3048276	87	165	20.3867311	1	6	7.3489655	9	14	2.3141876	2.0096552	
Koopa	3	5.829%	8	15	16.6565456	19	20	2.7607223	50	90	102.202093	113.8759921	180	17.3891605	20	65	79.3055413	90.732094	182	20.6048146	0	6	7.1767027	9	15	2.2733886	2.0818322	
Koopa	2	23.72%	6	12	14.4997027	18	20	3.7018896	38	78.861014	90.6570405	101.8807075	163	16.8010718	19	67.6841041	81.7359612	93.8273023	214	20.7718813	0	5	6.78086	8	16	2.2512776	2.2074199	
Koopa	1	42.724%	4	6	10.2007452	14	20	4.7138367	32	67	78.1488391	88.312963	146	15.5786032	15	70	85.1042271	97.8452685	205	21.9109005	0	5	6.1397809	8	15	2.2168678	2.431865	
Koopa	0	27.002%	1	1	1	1	1	0	29	59	68.7366862	78	130	13.9426272	15	73.5360403	89.4771498	103.2375695	224	23.20558	0	4	5.6618028	7	15	2.2202746	2.5845123	
Bowser	4	0.82%	8	16	17.3182927	19	20	2.4389936	78	134	151.1036585	168	219	24.0974695	21	56.8333333	69.0036585	80.6666667	150	18.7805358	0	4	5.8341463	7	15	2.3094303	2.5939024	
Bowser	3	4.391%	6	14	15.8625983	19	20	3.2073372	55	122.0585938	137.4884992	152.5685764	221	22.9987136	18	57	70.5445229	82.3528646	169	20.2979573	0	4	5.9635618	7	15	2.2678814	2.5800501	
Bowser	2	15.401%	4	10	13.5121289	17	20	4.2638228	43	107.9522346	123.3246542	138.7158965	220	22.8738856	10	59	73.2981625	85.8121827	230	20.6468553	0	4	5.8985131	7	16	2.2861121	2.5867151	
Bowser	1	28.949%	2	4	8.6320897	13	20	5.5727677	30	94.1028963	109.3176276	124.0893921	193	21.8537326	11	58	72.7447235	85.5050485	191	21.076046	0	4	5.4137276	7	15	2.2700037	2.7953297	
Bowser	0	50.439%	1	1	1	1	1	0	12	77.9579506	91.5731478	104.9206169	175	19.6418334	2	48	61.9693491	73.6447823	194	20.3250966	0	3	4.3467555	6	14	2.1412726	3.2023236	
Luigi	4	0.519%	11	17	17.9479769	20	20	1.9745956	71	108	119.5067437	130	180	16.950553	31	59	72.7052023	83.8125	158	18.9678714	1	6	7.4181118	9	16	2.3963161	2.0385356	
Luigi	3	3.776%	8	15	16.5664726	19	20	2.8369248	57	95	106.015625	117.06	160	16.3268236	25	63.93	76.8802966	88	198	19.3106154	0	6	7.2150424	9	16	2.3038165	2.0643538	
Luigi	2	14.625%	5	11	14.4396406	18	20	3.8411857	40	83	93.6149744	104	153	15.6374062	22	65	78.5024957	90	191	20.0822482	0	5	6.914735	8	15	2.2144927	2.1672479	
Luigi	1	36.058%	3	6	10.2072102	14	20	5.0162228	29	71.9490869	81.4172444	91	139	14.0331035	21	68.6635437	82.5204116	93.9995155	212	20.3683925	0	5	6.2137667	8	15	2.1537902	2.4207943	
Luigi	0	45.022%	1	1	1	1	1	0	29	64	71.5264537	79	115	11.2170999	32	77.9028498	91.7483675	102.9617647	217	20.362001	0	4	5.4734796	7	15	2.1580823	2.6638088	
Bowser Jr	4	0.954%	11	17	17.8071279	20	20	2.0390608	70	104	117.5283019	129.6875	174	17.7414383	25	64	76.1823899	87	183	19.6839883	1	6	7.5324948	9	15	2.2832662	1.9800839	
Bowser Jr	3	6.41%	7	14.2232855	16.4649647	19	20	2.8506163	50	92.8781888	104.5794072	115.8885017	166	17.0404313	21	64	77.3936037	88.989547	173	19.5371479	0	6	7.175507	9	15	2.2599254	2.0687988	
Bowser Jr	2	23.494%	4	11	14.2618122	17.9044251	20	3.8607386	38	81	92.5274113	103.5003263	163	16.38862	10	67.9960702	81.7310377	93.3145345	214	20.2925016	0	5.7801935	7.0306036	8	16	2.2069544	2.1170512	
Bowser Jr	1	50.826%	2	5	9.296031	12.9814318	20	4.8315748	30	70	80.6022902	90.8871977	160	15.1178536	16	68	82.9600795	95.5625	218	21.5680854	0	4.9320694	6.0346673	7.6662847	16	2.2122052	2.4787904	
Bowser Jr	0	18.316%	1	1	1	1	1	0	29	58.4714905	67.3415593	76	123	13.0050665	12	75.9242424	90.7386984	103.8469694	205	22.2936847	0	4	5.2058856	7	14	2.1552108	2.7657786	
Donkey Kong	4	0.006%	18	19	19.1666667	20	20	0.6871843	126	130	139	149	157	11.1205515	49	63	67	74	78	9.5742711	5	6	7.1666667	8	10	1.5723302	2	
Donkey Kong	3	0.106%	14	18	18.8303571	20	20	1.4570542	85	104	115.7169811	125	167	15.9040488	29	61	75.1981132	88	171	22.5620402	3	6	7.1792453	9	15	2.1925998	2.1698113	
Donkey Kong	2	1.433%	10	16	17.571521	19	20	2.1455677	66	88.9375	102.9281228	115.7083333	170	18.9184461	24	59	73.8771807	86.1041667	147	19.8973357	1	5	6.521284	8	14	2.1414725	2.2930914	
Donkey Kong	1	7.623%	6	13	15.2624346	18	20	3.3455804	60	77	90.8740653	103	165	18.8684806	25	57	70.9779614	83	194	19.2228052	1	5	6.3213958	8	16	1.9388047	2.3928899	
Donkey Kong	0	90.832%	1	1	1	1	1	0	0	50	64.8448785	80	160	20.4635203	7	46	58.7333759	68.6583465	169	17.801574	0	4	5.5300004	7	15	1.997985	2.6916725	
Hammer Bro	4	0.291%	12	17	18.0756014	20	20	1.816625	69	94	103.9347079	114	146	14.1075593	36	72	84.8419244	95	164	18.1682409	1	7	8.1752577	10	14	2.2658846	1.7560137	
Hammer Bro	3	2.27%	10	15.0636095	17.105818	19	20	2.4288648	51	82	92.0414097	102	143	14.2331453	32	73	86.0678414	97.2644628	193	19.7914407	1	6	7.5497797	9	14	2.1890672	1.954185	
Hammer Bro	2	9.927%	7	12.8925245	15.1507047	18	20	3.5030459	29	70.1381356	79.9975824	90	128	14.1807112	27	74	87.7939962	99.0293803	187	20.2710944	0	6	7.0965045	8.0444678	15	2.0921057	2.0732346	
Hammer Bro	1	30.205%	4	7	11.277891	15	20	4.8059019	22	60	69.0047674	78	114	12.9275537	26	74	88.270783	100	215	20.7418692	0	5	6.2867737	8	15	2.035116	2.3687469	
Hammer Bro	0	57.307%	1	1	1	1	1	0	19	49	55.967805	62	92	9.5390084	30	70	83.5092921	93.9620495	215	19.2740615	0	4	5.0955206	6.2126313	13	2.0546443	2.7944928	
Mario	4	0.851%	11	17	17.9189189	20	20	1.9401762	83	111	119.4782609	127.1666667	169	12.8553531	31	66	79.2914219	91	148	18.8138799	2	6	7.9118684	9	16	2.3311083	1.8613396	
Mario	3	5.842%	8	15	16.5980876	19	20	2.7421391	69	99	107.4580623	116	152	12.6291495	15	70	83.171859	94.1153846	176	20.0043536	1	6	7.8341321	9	17	2.2926237	1.8560425	
Mario	2	24.982%	6	11	14.2810103	17.9283308	20	3.7797939	53	87	95.4979986	104	142	11.9725311	21	71	84.9022896	96.4426414	211	20.5345392	0	6	7.3307581	9	15	2.256844	2.002802	
Mario	1	45.662%	3	5	9.5999069	13	20	4.7339914	45	76	83.5414349	91	123	10.7214515	12	72.7806326	87.0744383	99	219	21.419963	0	5	6.8432833	8	16	2.1686409	2.1625641	
Mario	0	22.663%	1	1	1	1	1	0	43	65	70.172925	75	101	7.3589078	11	71	86.664431	100.6026639	227	22.9425757	0	5	5.9282972	7	15	2.0048532	2.5109209	
Monty Mole	4	0.548%	12	17	17.8850365	19.5	20	1.9217148	73	108	118.0912409	128.75	165	14.5382354	36	69	82.2883212	91.75	181	18.8636311	1	6	8.0091241	10	14	2.363405	1.879562	
Monty Mole	3	4.066%	8	15	16.7243173	19	20	2.7035806	58	95	104.4697491	114	163	13.8022431	34	71.2117769	84.6180521	95	184	19.7969391	1	6	7.7958682	9	16	2.2310342	1.8819479	
Monty Mole	2	19.039%	6	11.9883952	14.5615355	18	20	3.7543795	45	83	92.181312	101.0866132	142	13.4260274	31	72	85.5913126	96.5535392	204	19.8752729	0	6	7.2599401	9	15	2.1620683	2.0405483	
Monty Mole	1	41.953%	3	6	10.1263756	14	20	4.8859461	34	71.3928057	79.8091674	88	123	12.0318864	17	72	86.0709127	97.1138783	215	20.2984678	0	5	6.5397707	8	16	2.1038056	2.3006698	
Monty Mole	0	34.394%	1	1	1	1	1	0	25	60	65.8427051	72	102	8.9122623	16	67	80.7483282	92.2439422	209	20.5112914	0	4	5.454556	7	14	1.9501363	2.7009653	
Normal Dice	4	0.686%	11	16	17.6676385	19	20	2.1564946	81	111	120.5830904	130.875	159	14.2283934	30	67	80.4562682	90.375	174	19.5822325	2	6	7.7930029	9	14	2.2126743	1.9067055	
Normal Dice	3	4.986%	8	15	16.6299365	19	20	2.7972205	68	98	107.2382671	116.1030303	156	13.0641981	28	69.6662338	82.9105495	93.925974	203	19.9347014	1	6	7.7312475	9	15	2.3100902	1.9187726	
Normal Dice	2	21.906%	6	11.3021738	14.430343	18	20	3.801347	56	86.8638252	95.3264859	104	138	12.4766869	21	71	84.8486716	96	207	19.8886994	0	6	7.3142518	9	16	2.2145973	2.0206793	
Normal Dice	1	45.519%	3	5	9.7567068	13.4960471	20	4.8398335	40	75.6930413	83.3047079	91	126	11.0535641	22	73.9000984	87.569125	98.9978639	218	20.7035932	0	5	6.6956436	8	15	2.1449149	2.2293767	
Normal Dice	0	26.903%	1	1	1	1	1	0	40	65	70.2840204	75.2615385	100	7.5930457	18	74.7189341	89.2060737	101.4719948	210	21.4610842	0	4	5.8126603	7	13	2.0251716	2.5415753	
Peach	4	0.819%	12	17	18.023199	20	20	1.8365969	80	107	116.8058608	126	159	13.7420032	26	65	78.8339438	90.8611111	154	19.6582342	1	6	7.6959707	9	15	2.3033915	1.9291819	
Peach	3	5.37%	9	15	16.6634351	19	20	2.5839886	62	96.0057398	105.0605214	114	146	13.1615045	26	65.9649015	78.9731844	89.9090909	185	19.5223605	0	6	7.4251397	9	16	2.2773439	2.0337058	
Peach	2	24.767%	6	11	14.1174893	17	20	3.729229	42	85	93.9250616	103	138	12.6834627	19	68	81.6057254	92.467627	206	19.5818492	0	6	7.1492308	9	16	2.2147445	2.124036	
Peach	1	49.404%	3	5	9.1027252	13	20	4.8222628	37	72	80.9197433	89.1683038	123	11.9416313	20	65	79.0908631	90.7888119	196	20.2303006	0	5	6.2463971	8	16	2.09783	2.4664602	
Peach	0	19.64%	1	1	1	1	1	0	24	60	66.3815682	72	94	8.9487808	12	53.6823308	67.8620163	79	171	19.9628449	0	4	5.6889002	7	13	2.033367	2.710387	
Pom Pom	4	0.501%	11	18	18.4031936	20	20	1.6624027	67	99	110.247505	121	163	16.318885	32	65	77.7944112	87	146	19.4275266	2	6	7.8502994	10	14	2.3597475	1.9201597	
Pom Pom	3	5.284%	8	16	17.2121003	19	20	2.3737528	52	88.1033163	98.5079485	108	162	14.8233904	20	68.0803571	81.8590083	93	181	20.7194407	1	6	7.8298637	9	15	2.2090777	1.8654428	
Pom Pom	2	30.153%	5	12	14.842117	18	20	3.371015	42	79	88.232083	96.4603241	154	13.3374375	18	68	82.1022121	94	215	21.1290716	0	6	7.2401419	9	16	2.2141668	2.033131	
Pom Pom	1	43.439%	3	7	10.4361717	13	20	4.0576009	23	70.3558575	78.2324869	85.9015388	138	11.4835467	7	61.6896321	77.8286333	92.0350903	221	23.6573919	0	5	6.3340316	8	15	2.1863673	2.3675959	
Pom Pom	0	20.623%	1	1	1	1	1	0	30	63.9909495	71.3472822	78.6798551	120	10.640627	0	46.9783466	66.2577705	83.313008	209	25.6816905	0	4	5.2765844	7	14	1.9966801	2.8098725	
Rosalina	4	0.49%	11	17	18.077551	20	20	1.8686747	65	97	109.2489796	120	165	17.1504522	40	71	84.4020408	96	173	19.6412622	2	7	8.0285714	9	14	2.1003401	1.8326531	
Rosalina	3	3.995%	8	15	16.9324415	19	20	2.6277199	42	83.56866	95.2700876	106.3521595	155	16.841881	33	73.7275748	87.6027534	99	173	20.0209938	0	6	7.61602	9	15	2.2001806	1.9324155	
Rosalina	2	18.913%	5	12	14.7035644	18	20	3.6707604	29	71.0345395	82.601914	93.9365882	147	16.3287678	24	74.9111767	88.6351716	100.3233351	197	20.5420552	0	5	6.9415746	8	15	2.1855507	2.1514831	
Rosalina	1	35.014%	3	6	10.5243272	14.4386522	20	4.8949039	16	58.1733927	69.0890501	79	132	15.0364994	23	72.7918046	87.6265208	100	222	21.7786427	0	4.9599581	5.9296281	7	15	2.1162899	2.5267893	
Rosalina	0	41.588%	1	1	1	1	1	0	14	46.9886711	55.1105126	63	107	12.1880682	18	64.0721558	77.8787631	88.7798	229	19.72302	0	3.2413811	4.8432481	6	12	1.9811748	2.9398384	
Shy Guy	4	0.176%	15	18	18.75	20	20	1.3120941	80	103	108.9261364	116	130	9.6889228	33	61	72.3579545	83	123	17.5260275	2	5	6.7784091	8	14	2.177308	2.5056818	
Shy Guy	3	1.91%	12	16	17.6970278	19	20	1.9679261	62	94.9012346	100.6	107	128	9.8897165	30	62.308642	74.7089005	84	175	17.9955804	1	5	6.7157068	8	15	2.1940697	2.4193717	
Shy Guy	2	15.382%	10	13	15.667907	18	20	3.0673358	43	84	91.170524	99	118	10.4136889	25	66	78.2710311	88.2297058	191	18.6637385	0	5	6.7064751	8	15	2.1552616	2.3811598	
Shy Guy	1	57.062%	6	7	10.975795	15	20	4.6481781	44	71	78.9004591	87	107	10.746926	18	58.882505	72.8235954	84.206618	194	20.2245718	0	4	5.8736462	7	15	2.1401632	2.6581087	
Shy Guy	0	25.47%	1	1	1	1	1	0	36	60	65.9228897	72	80	7.165771	19	41.4907282	53.5923047	62	162	16.7823669	0	4	5.1944248	6	13	1.7309081	2.9217903	
Waluigi	4	0.519%	11	17	17.8843931	20	20	2.0640344	72	108	118.9884393	128.625	164	14.8713125	20	60	74.8323699	86	165	19.2735313	1	5	6.894027	8	14	2.2507423	2.2273603	
Waluigi	3	3.59%	9	15	16.7116087	19	20	2.6992178	56	96	106.6445682	117	162	15.3037442	23	64.0831025	77.2551532	88	189	19.6558006	0	5	6.8286908	8	14	2.3261649	2.2445682	
Waluigi	2	15.322%	5	12	14.603057	18	20	3.7295848	44	84.6504904	94.5869991	104.8902724	145	14.6495781	12	65	78.9809424	90.4542125	192	20.2377599	0	5	6.5089414	8	15	2.2595181	2.3547187	
Waluigi	1	36.752%	3	6	10.4689141	14.9013677	20	4.9931079	26	72.9634197	82.1971049	91.941211	133	13.6702312	12	66	79.9431596	91.7445593	218	20.480493	0	4	5.9553766	7	15	2.1859742	2.5591805	
Waluigi	0	43.817%	1	1	1	1	1	0	25	62.1304007	69.9306662	77	118	10.9732638	12	61.9501787	75.6391127	86.9531985	202	20.283986	0	4	5.1030878	6.3862577	14	2.0746138	2.8940366	
Yoshi	4	0.485%	12	17	17.9731959	20	20	1.9931075	69	100	111.4247423	122	163	16.2243614	24	61	75.2907216	87	203	20.1829778	2	6	7.3876289	9	14	2.3327015	2.1010309	
Yoshi	3	3.748%	8	15	16.8840066	19	20	2.6013157	45	89.86	99.6358058	110	148	14.796592	20	63.76	77.5584312	89	181	20.1032965	0	6	7.2913554	9	18	2.2964545	2.0701708	
Yoshi	2	17.314%	6	12	14.7123497	18	20	3.6339004	41	77.8805183	87.6230796	97.2192394	134	14.4214526	12	65	79.1316276	91	209	20.5587636	0	5	6.7771168	8	16	2.2150849	2.2249625	
Yoshi	1	36.001%	3	6	10.6224195	14.9022634	20	4.8596886	29	65.915859	74.8123385	83.9659174	126	13.0589961	10	65	79.676509	91.9741942	192	21.1535597	0	5	6.0608039	7	15	2.0942747	2.4717647	
Yoshi	0	42.452%	1	1	1	1	1	0	22	56.349805	63.580326	70.984894	109	10.5112763	8	62	76.690686	88.9914681	221	21.4272325	0	4	5.389805	7	14	2.0341561	2.7555357	
Wario	4	2.264%	10	16	17.3878092	19	20	2.2366115	67	122.9752066	134.0371025	146	184	16.7596405	20	60.9876033	73.6214664	84.6652893	155	19.1165594	0	5	6.6793286	8	16	2.4103348	2.2676678	
Wario	3	10.511%	8	14	15.9502935	19	20	3.0638532	57	111.8359375	122.8571972	134.7197414	180	16.9473451	12	65	78.080392	89	186	19.5797175	0	5	6.8631909	8	16	2.4049087	2.20274	
Wario	2	34.541%	6	9.9642042	12.9177023	16	20	3.9487522	47	103	113.2570568	124	168	15.8549403	14	65.1905657	78.8705886	90.4244249	211	20.0063867	0	5	6.5705104	8	16	2.3889088	2.3027127	
Wario	1	44.113%	3	3	4.7496965	6	20	1.856118	35	93	102.3696643	112	147	14.2931671	17	73	86.3011131	97.3575981	206	20.009277	0	5	6.3118582	8	17	2.4099062	2.3650171	
Wario	0	8.571%	1	1	1	1	1	0	30	66	76.9114456	84	114	12.1656199	20	46	55.8480924	63	148	14.2295063	0	3	3.8448256	5	11	1.7107216	3.4154708	
