Character	AllyCount	Frequency	Min Turn Gained	1st Quartile Turn Gained	Avg Turn Gained	3rd Quartile Turn Gained	Max Turn Gained	Turn Gained SD	Min Distance	1st Quartile Distance	Distance Avg	3rd Quartile Distance	Max Distance	Distance SD	Min Coins	1st Quartile Coins	Coin Avg	3rd Quartile Coins	Max Coins	Coin SD	Min Stars	1st Quartile Stars	Star Avg	3rd Quartile Stars	Max Stars	Stars SD	Average Place
Boo	0	73.8%	1	1	1	1	1	0	31	70.4412955	79.3539295	88.42625	119	13.1005882	22	57.4723347	72.3905149	84.01625	191	21.2105605	0	4	5.8804878	7	14	2.1465479	2.6116531	
Boo	1	18.18%	3	7	11.1755725	16	20	5.0171932	45	82	92.2717272	102.4107143	142	14.9446313	29	61	75.1848185	87	157	20.0464518	0	4	5.650165	7	13	2.2399396	2.7205721	
Boo	2	6.56%	6	12	15.0473815	18	20	3.6286817	55	92	103.0823171	114	146	16.1780091	34	62	73.4603659	83	141	18.3946808	1	5	6.0121951	8	13	2.2154882	2.4664634	
Boo	3	1.22%	10	14	16.2465753	19	20	2.8754074	77	105	117.442623	126	160	16.1727605	25	66	73.7377049	85	131	18.373093	2	5	6.2622951	7	12	2.187158	2.2131148	
Boo	4	0.24%	13	16	17.6666667	20	20	2.2484563	107	127	134.6666667	138	177	16.3367343	29	55	70	94	118	26.2106848	2	3	5.5	8	9	2.5	2.4166667	
Bowser	0	49.78%	1	1	1	1	1	0	23	78	91.2113299	104.6475694	154	19.5592951	10	46	58.2808357	69	148	17.7392694	0	3	4.1329851	5	12	2.0682394	3.3085577	
Bowser	1	30.1%	2	4	8.6730386	13	20	5.4869079	39	95.1377551	109.5169435	123.0765306	187	21.1857129	19	57	70.5368771	83.0510204	151	19.470093	0	4	5.2644518	7	12	2.1285511	2.8750831	
Bowser	2	14.6%	4	10	13.5069583	17	20	4.2481959	49	109	123.3630137	137	195	22.0936612	25	57	70.5041096	82	147	18.9138091	0	4	5.7	7	13	2.224798	2.7013699	
Bowser	3	4.62%	7	14	15.7210145	19	20	3.2086376	74	123	138.6796537	155	198	23.7714856	22	51	65.030303	77	131	18.9063296	0	4	5.6969697	7	12	2.2203193	2.7186147	
Bowser	4	0.9%	11	17	17.6	20	20	2.388863	93	145	158.4888889	174	207	24.0606846	45	53	63.5111111	69	99	13.0343516	2	4	5.6222222	7	12	2.1425726	2.7333333	
Bowser Jr	0	19.12%	1	1	1	1	1	0	34	58	66.9958159	75.9375	111	12.6079433	18	75.75	90.5763598	103	197	22.5204562	0	4	5.1192469	7	11	2.1278208	2.8263598	
Bowser Jr	1	50.22%	2	5	9.3214639	13	20	4.8274401	32	69.955	80.3337316	90.465	140	15.2500509	23	67.685	81.9442453	93.8830769	178	20.9416724	0	4.505	5.9757069	7	13	2.1454033	2.5065711	
Bowser Jr	2	22.7%	4	11	14.2765819	17.1530612	20	3.8070496	47	81	92.2881057	104	160	16.437327	37	69	81.8185022	92.38	167	19.5099119	1	6	7.0299559	8	15	2.1725118	2.1453744	
Bowser Jr	3	6.98%	8	14	16.6231156	19	20	3.0056343	53	93	104.286533	116	142	16.4464353	25	64	77.0773639	89	134	18.0231395	0	6	7.1948424	9	13	2.177477	2.1575931	
Bowser Jr	4	0.98%	12	16	17.4897959	19	20	2.1582537	79	110	118.4693878	132	146	15.8669237	36	62	78.1632653	92	135	21.1624879	3	7	8.244898	10	13	2.1336049	1.7142857	
Daisy	0	34.42%	1	1	1	1	1	0	63	65	66.6920395	68	74	1.8629357	33	82.1054688	98.2231261	111.8828125	214	23.3733848	1	6	6.9517722	8	13	1.9575681	2.0668216	
Daisy	1	35.54%	4	6	10.368405	14.3771626	20	4.8617033	62	71.6484375	78.2155318	84	100	8.0491754	33	77	91.7917839	104.1054688	198	21.7211436	1	6	7.1029826	9	14	2.0827229	2.0450197	
Daisy	2	24.98%	7	12	14.5419441	18	20	3.7436904	68	84	91.4483587	99	117	10.5556939	47	76.19	90.4795837	101	185	20.4929586	2	6	7.7598078	9	14	2.1087227	1.8206565	
Daisy	3	4.56%	11	14	16.2766798	19	20	2.8078324	81	97	104.127193	112	128	10.8581991	46	75	91.5570175	102	179	22.9937309	3	7	8.5833333	10	14	2.2705366	1.5833333	
Daisy	4	0.5%	13	17	17.76	19	20	2.0838426	100	115	119.84	126	136	9.3495668	35	69	79.84	88	124	19.6625126	4	6	8.08	9	12	2.0769208	1.76	
Diddy Kong	0	98.16%	1	1	1	1	1	0	14	56	69.7561125	80.6536351	119	15.6119343	24	51	63.2950285	72	183	17.8902112	0	4	5.0450285	6	12	1.7036473	3.0124287	
Diddy Kong	1	1.28%	8	12	14.2826087	16	20	2.5508996	49	78	88.4375	95	122	13.4755276	27	53	67.015625	78	142	19.0677183	1	3	4.140625	5	9	1.7308523	3.09375	
Diddy Kong	2	0.5%	12	16	17.3571429	19	20	2.1911231	70	86	99.52	112	130	15.6872432	40	53	67.68	76	115	16.4115082	1	3	4.6	6	8	1.6733201	3.28	
Diddy Kong	3	0.04%	17	17	18.3333333	20	20	1.2472191	101	101	105.5	110	110	4.5	55	55	55.5	56	56	0.5	5	5	5.5	6	6	0.5	3	
Diddy Kong	4	0.02%	20	20	20	20	20	0	118	118	118	118	118	0	65	65	65	65	65	0	5	5	5	5	5	0	2	
Donkey Kong	0	91.88%	1	1	1	1	1	0	0	50	64.7322595	80	160	20.460101	14	49	62.5322159	74	164	19.631364	0	4	5.7699173	7	15	2.0760363	2.5694384	
Donkey Kong	1	6.86%	7	13	15.1059113	18	20	3.2026951	60	77	91.1107872	104	156	18.795337	27	60	73.7580175	87	168	21.6053197	1	5	6.4110787	8	14	1.9535703	2.3090379	
Donkey Kong	2	1.14%	12	16	17.4603175	19	20	2.0301333	68	89	100.9649123	113	141	16.1950446	36	57	71.6491228	82	134	20.8044287	2	5	6.2982456	8	11	2.2630899	2.5087719	
Donkey Kong	3	0.12%	16	18	18.6666667	20	20	1.3743685	96	98	108.5	117	126	10.4203327	77	77	90.5	101	118	14.7167705	3	5	6.1666667	8	8	1.771691	2.1666667	
Donkey Kong	4	0%	0	NaN	0	NaN	-∞	0	0	NaN	0	NaN	-∞	0	0	NaN	0	NaN	-∞	0	0	NaN	0	NaN	-∞	0	0	
Dry Bones	0	44.98%	1	1	1	1	1	0	40	65	71.5629169	80	105	10.8135364	42	79.464876	95.1427301	107.7334711	190	21.9449895	0	4	5.8781681	7	13	2.1869716	2.4984438	
Dry Bones	1	36.86%	3	5	9.651036	14	20	5.4012733	37	70	81.3423766	91	127	15.5498422	32	71	85.4986435	97	211	21.0392335	0	5	6.5051546	8	15	2.1362567	2.2864894	
Dry Bones	2	13.88%	6	11	14.0605727	17	20	3.9288368	55	84	95.9971182	108	148	17.3207574	27	66	80.0677233	93	176	21.3831459	1	6	7.167147	9	15	2.3481586	2.0634006	
Dry Bones	3	3.82%	9	15	16.364486	19	20	2.9573053	67	97	111.3298429	125	150	18.69572	34	65	80.4554974	94	162	21.0336768	2	6	7.4450262	9	14	2.3280362	1.9371728	
Dry Bones	4	0.46%	11	16	17.5652174	19	20	2.481691	73	105	117.6956522	130	166	19.4051423	51	60	72.8695652	83	106	15.9409354	3	6	7.5652174	9	13	2.4105941	2.173913	
Goomba	0	40.84%	1	1	1	1	1	0	23	52	58.7629775	66	90	10.3855471	26	64	76.5920666	87.06	173	18.4098139	0	4	5.3873653	7	12	1.8947055	2.7262488	
Goomba	1	40.44%	3	6	10.5114943	15	20	4.9739385	32	63.935	73.0959446	82.665	112	13.7167796	28	74.105	88.1394659	99.99	181	19.501714	0	5	6.379822	8	13	2.096615	2.3536103	
Goomba	2	15.42%	6	11.9375	14.607906	18	20	3.7229224	39	76	85.9922179	96	126	14.8856407	45	76	88.846952	100.6111111	167	18.9603293	2	6	7.2645914	9	12	2.0594357	2.0466926	
Goomba	3	2.74%	9	15	16.6545455	19	20	2.7801342	63	88	99.5109489	110	145	15.8786993	49	71	85.9051095	96	143	19.6468393	2	6	7.7591241	9	14	2.271774	1.8832117	
Goomba	4	0.56%	13	16	17.2857143	19	20	1.7291026	88	106	112.4642857	121	139	11.8245572	52	79	88.7142857	94	145	19.3959811	4	6	8.3571429	10	13	2.4815647	1.6428571	
Hammer Bro	0	57.36%	1	1	1	1	1	0	24	49.54	55.9501395	62.3694581	88	9.5203641	35	70	83.6816597	94.5816092	181	19.4633758	0	4	5.1321478	6.5172414	11	2.0667822	2.7988145	
Hammer Bro	1	30.5%	4	7	11.3161351	15	20	4.7839301	33	60	69.1436066	78	104	12.4239206	37	73.8010204	88.2236066	99.0255102	182	20.8179108	0	5	6.2859016	8	13	2.0165458	2.3665574	
Hammer Bro	2	9.58%	7	13	15.1878089	18	20	3.469469	29	71	79.9958246	90	122	13.6430786	43	74	88.5741127	102	150	19.0694325	1	6	7.1795407	9	13	2.0811107	2.0417537	
Hammer Bro	3	2.2%	11	16	17.25	19	20	2.414151	61	79	92.0090909	102	125	15.323479	43	72	85.7909091	95	148	18.7728505	2	6	7.7181818	9	15	2.2079683	1.8272727	
Hammer Bro	4	0.36%	14	16	17.4444444	19	20	1.9212907	80	98	110	120	128	13.4122664	46	78	88.7222222	110	119	21.3145896	1	7	8.2777778	10	12	2.4901039	1.8333333	
Koopa	0	28.26%	1	1	1	1	1	0	35	58	68.5279547	78	115	13.819024	29	73	90.0077849	104	196	24.0457354	0	4	5.6178344	7	14	2.2660344	2.6171267	
Koopa	1	41.46%	4	6	10.1865068	14	20	4.7664795	39	67.025	78.7351664	90	132	15.789492	28	71.0225	86.6806561	99.9375	189	22.7271043	0	5	6.2054993	8	13	2.2446224	2.3873613	
Koopa	2	23.68%	6	12	14.5568032	18	20	3.7609914	48	79	90.7314189	101.5	149	16.9143957	23	68.82	83.9831081	96	185	22.6624329	0	5	6.8201014	8	14	2.2153262	2.1925676	
Koopa	3	5.72%	9	15	16.7454545	19	20	2.6380768	58	89	100.958042	112	158	17.1357697	27	62	78.2902098	91	162	21.8923712	2	6	7.2167832	9	15	2.2396299	1.9755245	
Koopa	4	0.88%	13	16	17.4772727	19	20	1.9480601	78	100	113.2954545	127	189	21.7251211	41	64	76.5909091	89	113	17.8291362	3	6	7.6818182	9	14	2.203022	1.9545455	
Luigi	0	45.12%	1	1	1	1	1	0	33	63.4421488	71.3453014	79	115	11.2233137	49	78	92.7557624	104.1239669	185	20.4587288	0	4	5.5403369	7	13	2.1594598	2.6285461	
Luigi	1	35.7%	3	6	10.2663994	14	20	5.1103801	42	72	81.3770308	91	128	13.9403945	24	68	83.2560224	96.1054688	207	21.7168434	0	5	6.177591	8	14	2.2148852	2.4140056	
Luigi	2	15.1%	5	11	14.4494265	18	20	3.8384066	43	82	93.7483444	105	149	16.3936745	30	66.0833333	80.0490066	91.5	170	21.0650581	1	6	7.0622517	8.25	14	2.1413848	2.1152318	
Luigi	3	3.42%	9	15	16.5	19	20	2.6651344	64	93	105.4912281	118	147	16.167026	36	65	76.994152	88	144	18.6068896	1	5	7.2631579	9	13	2.5559904	2.0643275	
Luigi	4	0.66%	11	16	17.5757576	19	20	2.1038248	87	108	119.6969697	133	154	15.565083	47	57	72.3636364	83	123	17.5098555	3	6	7.5757576	9	11	2.1181797	1.9393939	
Mario	0	22.72%	1	1	1	1	1	0	46	66	70.1628521	75	93	7.2389348	18	71	87.2367958	101.06	188	23.5582755	1	5	6.0140845	7	11	1.9782654	2.4709507	
Mario	1	46.12%	3	5	9.6319876	13	20	4.719697	52	76	83.6847355	91.0578512	119	10.7681512	28	73.1983471	88.4891587	101.0330579	205	22.5316606	0	5.0330579	6.9236774	8	14	2.1651829	2.114484	
Mario	2	25.2%	6	11	14.3671374	18	20	3.7199802	58	86.92	95.1206349	103.94	131	11.9546651	19	72	85.5984127	98	176	20.8218978	1	6	7.4293651	9	14	2.2280167	1.9746032	
Mario	3	5.14%	9	15	16.4731544	19	20	2.7073633	72	100	107.8326848	115	137	11.6394949	29	71	85.0856031	95	190	23.2012106	2	6	7.9883268	10	15	2.4166776	1.8715953	
Mario	4	0.82%	11	17	17.6829268	19	20	2.0652647	92	112	120.3170732	129	152	13.2083474	42	65	77.7073171	87	127	17.707989	3	6	7.5853659	9	12	2.2412498	2.0487805	
Monty Mole	0	34.16%	1	1	1	1	1	0	29	60	65.9713115	72	95	9.0854516	30	64	76.8571429	88	154	18.3290753	0	4	5.2757611	7	11	1.9760149	2.7974239	
Monty Mole	1	42.38%	3	5.9861592	10.1609964	14	20	4.9612922	34	70	78.9834828	87.8125	116	12.2679388	33	70	82.1000472	92.625	164	17.8621536	0	5	6.3133554	8	13	2.0859235	2.4129306	
Monty Mole	2	18.96%	6	11	14.4126172	18	20	3.8150209	53	83	92.9746835	102.875	137	13.5870142	34	70	82.2014768	93	194	17.8407311	1	6	7.1550633	9	14	2.2351728	2.1424051	
Monty Mole	3	3.9%	10	15	16.9644444	19	20	2.6946165	69	94	104.3692308	114	136	13.6842442	41	67	81.2102564	91	163	17.9792444	2	6	7.6615385	9	14	2.3090253	1.9282051	
Monty Mole	4	0.6%	12	18	18.0666667	19	20	1.7876117	86	109	118.4666667	129	145	13.4851358	47	64	73.3	81	100	12.1467417	4	6	8	9	14	2.0330601	1.7	
Normal Dice	0	26.88%	1	1	1	1	1	0	48	65	70.1696429	75.2222222	99	7.6572465	26	74	87.2581845	99.7777778	172	20.1774385	0	4	5.6495536	7	12	1.9899187	2.6116071	
Normal Dice	1	45.86%	3	5	9.8670678	13.6315789	20	4.8624796	45	75	82.9899695	90.927686	120	10.9994007	28	72.464876	85.8578282	97	162	19.2663029	0	5	6.5839512	8	14	2.1338844	2.2603576	
Normal Dice	2	21.34%	6	11.3958333	14.3661042	17.375	20	3.7385496	58	86.765625	95.6223055	104.671875	136	12.58511	39	71	83.6860356	94	169	18.3515555	1	6	7.2024367	9	14	2.1347031	2.0309278	
Normal Dice	3	5.12%	9	15	16.6182432	19	20	2.7995303	72	98	106.3476562	116	141	12.5803757	45	69	82.4609375	94	145	18.8828222	3	6	7.65625	9	14	2.0932835	1.8554687	
Normal Dice	4	0.8%	13	16	17.625	20	20	2.1527599	93	117	124.1	136	144	12.9533779	41	69	77.65	86	116	16.2027004	3	6	7.825	10	11	2.0843164	1.9	
Peach	0	19.86%	1	1	1	1	1	0	36	60	66.5075529	72	94	9.1956574	21	51	64.816717	76	141	18.7408962	0	4	5.6042296	7	11	2.0574484	2.7734139	
Peach	1	48.42%	3	5	9.0603943	13	20	4.8219453	39	73	81.3139199	90	127	11.99548	29	64	77.0095002	88.5503472	156	18.4838452	0	5	6.1284593	7.0954861	13	2.0537037	2.5493598	
Peach	2	25.44%	7	11	14.2686003	17.1020408	20	3.6241776	55	85	93.615566	102.24	131	12.4914755	32	67	79.7751572	90.12	167	18.4734574	1	6	6.952044	8	14	2.1646231	2.2366352	
Peach	3	5.6%	11	15	16.6815287	19	20	2.5251303	71	97	104.2071429	114	135	11.9199691	33	64	77.0035714	88	154	20.0996621	1	5	7.0178571	9	13	2.2159412	2.1642857	
Peach	4	0.68%	13	17	17.6176471	19	20	1.9252915	79	107	115.8529412	122	149	13.9645188	50	68	80.4705882	89	134	17.4123609	3	6	8.1176471	10	15	2.3980961	1.9117647	
Pom Pom	0	19.7%	1	1	1	1	1	0	41	63.484375	71.1005076	78	110	10.3844402	9	49.078125	70.3319797	87.328125	179	28.0158484	0	4	5.386802	7	12	2.0594288	2.7187817	
Pom Pom	1	43.44%	3	7	10.3758406	13	20	4.0647271	39	70.2164502	78.1915285	85.6	123	11.4990656	14	63.5285714	80.5962247	96	184	24.991609	0	5	6.4723757	8	15	2.1169037	2.3259669	
Pom Pom	2	31.44%	6	12	14.7211069	17.9197531	20	3.3862132	51	79.8673469	88.673028	97	137	13.3761384	23	71	85.014631	97.1020408	183	22.1468707	1	6	7.4554707	9	15	2.2030922	1.9249364	
Pom Pom	3	5.02%	10	16	17.3874539	20	20	2.4856172	56	90	100.438247	111	140	15.2988546	38	69	86.247012	99	174	21.8072583	2	7	8.2788845	10	15	2.3502802	1.6613546	
Pom Pom	4	0.4%	16	18	18.8	20	20	1.2083046	88	100	109.35	120	143	14.8232082	52	72	82.25	97	120	17.1110345	5	7	8.4	9	13	1.933908	1.7	
Rosalina	0	41.52%	1	1	1	1	1	0	18	46	54.984104	63	101	12.2484806	34	63.91	75.756262	85.6	178	18.0547853	0	3	4.8159923	6	12	1.9854613	2.9523121	
Rosalina	1	36.1%	3	6	10.6822845	15	20	4.9161868	25	58	68.6980609	79	120	15.028218	32	71	85.3213296	97.796875	160	20.2364366	0	4	5.8116343	7	13	2.1295905	2.601662	
Rosalina	2	18.36%	5	12	14.7310098	18	20	3.7316167	34	72.15625	82.5795207	93	137	16.5322585	38	73.3125	86.3474946	96.625	170	19.597145	0	5.625	6.8965142	8	13	2.1761154	2.1633987	
Rosalina	3	3.66%	9	15	16.6318408	19	20	2.6342144	56	86	96.7978142	107	144	16.5472529	38	74	87.4699454	100	150	19.1521924	2	6	7.6284153	9	14	2.1937968	1.9016393	
Rosalina	4	0.36%	13	16	17.6111111	19	20	1.9188796	83	107	115.6111111	123	150	15.8364519	51	80	86.8888889	94	126	17.4447983	4	7	8.8333333	10	13	2.2912878	1.5	
Shy Guy	0	25.08%	1	1	1	1	1	0	44	60	66.1244019	72	80	7.0417185	18	43	56.9082935	67	170	18.7412596	0	4	5.3373206	6	11	1.7572619	2.8269537	
Shy Guy	1	57.12%	6	7	10.9482114	15	20	4.6195906	45	71	78.8781513	87	105	10.9258001	26	59.7536946	75.0080532	87	180	21.9412158	0	5	6.0168067	7	13	2.1723041	2.5910364	
Shy Guy	2	15.66%	10	13.7777778	15.8516854	19	20	3.0295219	59	83	90.51341	98	115	10.5251392	29	67	80.9386973	93	172	21.7055371	1	5	6.916986	8	14	2.1123018	2.2579821	
Shy Guy	3	1.92%	12	16	17.3271028	19	20	2.1170236	83	97	102.2604167	108	124	8.9736243	42	63	75.03125	87	134	17.6141829	1	5	6.5625	8	11	1.9938055	2.4375	
Shy Guy	4	0.22%	17	18	19.1818182	20	20	1.028519	91	98	106.0909091	116	122	9.7463704	46	55	66.0909091	71	92	12.6882519	2	4	5.8181818	8	11	2.4427325	2.8181818	
Waluigi	0	44%	1	1	1	1	1	0	34	62.4214876	70.0945455	78	106	10.9849967	19	60.0702479	72.2472727	83	154	17.6533731	0	3.8760331	4.8972727	6	11	1.980448	3.0022727	
Waluigi	1	36.54%	4	6	10.5460714	14.8163265	20	4.9133948	38	72.1372549	81.6245211	90.8398693	125	13.2958097	27	65	77.1625616	88	163	18.5568362	0	4	5.8149973	7	13	2.1700389	2.5998905	
Waluigi	2	15.42%	6	12	14.6361768	18	20	3.6741936	56	86	94.6238651	104	138	14.3189045	32	65	76.0064851	86.9166667	145	17.0772627	1	5	6.3346304	8	15	2.1643454	2.4435798	
Waluigi	3	3.46%	8	15	16.6930693	19	20	2.6127736	73	96	107.4566474	117	147	15.2991225	39	62	73.4739884	82	123	15.6266286	1	5	6.6763006	8	13	2.1875539	2.4277457	
Waluigi	4	0.58%	11	17	18.2068966	20	20	1.9718591	99	110	119.8275862	131	158	13.4242934	42	60	71.3793103	80	104	13.3582308	3	6	7.2413793	9	12	2.1278964	2.0689655	
Wario	0	9.04%	1	1	1	1	1	0	42	72	77.0575221	84	102	11.7581176	26	47	54.7632743	61	102	12.5752312	0	3	3.8119469	5	8	1.6354856	3.3893805	
Wario	1	44.2%	3	3	4.7763852	6	20	1.880534	48	92.9256198	101.7556561	112	146	14.3714469	29	72	84.4180995	95	168	18.4095155	0	4.7520661	6.1420814	8	14	2.3984711	2.4628959	
Wario	2	33.8%	6	10	12.9384089	16	20	3.9963163	53	103	113.283432	124	159	15.7250269	18	65.140625	77.5769231	89	151	18.6145661	0	5	6.5579882	8	14	2.3956095	2.3343195	
Wario	3	10.96%	8	14	16.0833333	19	20	2.9781872	70	111.25	122.5967153	134	170	16.5188387	36	65	76.9963504	86.75	125	17.6301207	2	5	6.7062044	8	14	2.2795901	2.2810219	
Wario	4	2%	12	16	17.48	19	20	2.2157617	88	120	131.92	147	171	18.5346594	24	60	73.01	86	127	18.8708744	2	5	6.78	9	16	2.7334228	2.24	
Yoshi	0	43.18%	1	1	1	1	1	0	33	56.4725	63.6567855	70.0875	100	10.5258384	15	61.805	75.8290875	88.0125	175	21.2592451	0	4	5.3126447	7	12	2.0792502	2.7836962	
Yoshi	1	36.02%	4	6	10.594861	14.4064039	20	4.8186648	40	65	74.6768462	83.1757812	113	12.8213697	22	65	78.7590228	91.234375	163	20.9352856	0	5	6.0272071	7	13	2.0969912	2.4880622	
Yoshi	2	16.78%	6	12	14.5971154	18	20	3.6406085	43	78	87.7210965	97.5	140	14.5345233	27	66.0555556	79.5923719	91	147	19.6241985	0	5	6.7401669	8	14	2.2815413	2.2395709	
Yoshi	3	3.58%	11	14	16.7711443	19	20	2.6480751	67	90	99.9385475	111	132	13.9932793	37	64	76.0614525	86	125	17.5859143	1	6	7.1620112	9	14	2.1407221	2.1005587	
Yoshi	4	0.44%	12	17	17.7727273	19	20	1.8569726	66	100	109.7727273	124	137	16.8034948	39	60	77.3636364	96	126	24.2178474	4	5	7.6818182	9	14	2.753285	2.0909091	
