Character	AllyCount	Frequency	Min Turn Gained	1st Quartile Turn Gained	Avg Turn Gained	3rd Quartile Turn Gained	Max Turn Gained	Turn Gained SD	Min Distance	1st Quartile Distance	Distance Avg	3rd Quartile Distance	Max Distance	Distance SD	Min Coins	1st Quartile Coins	Coin Avg	3rd Quartile Coins	Max Coins	Coin SD	Min Stars	1st Quartile Stars	Star Avg	3rd Quartile Stars	Max Stars	Stars SD	Average Place
Boo	0	20.88%	1	1	1	1	1	0	38	69	78.5498084	88	125	13.2764018	6	29	46.197318	59.4375	156	22.4842932	0	1	2.183908	3	8	1.4643561	2.9894636	
Boo	1	29.46%	1	1	4.7436805	7	20	5.2943703	51	87	98.0149355	109.8571429	146	15.985093	7	39	55.293279	68.0833333	158	23.0013327	0	2	3.1670061	4	10	1.798943	2.5145961	
Boo	2	27.26%	2	6	10.7837294	15	20	5.0984217	59	102	113.9823918	126.1875	165	16.986542	6	40	56.3066764	69.3125	157	21.8525004	0	3	3.943507	5	10	1.8582666	2.1489362	
Boo	3	17.64%	4	11	14.0919643	17	20	4.0110926	72	120	130.4546485	143	190	18.7436667	6	39	56.4818594	70	157	23.4239303	0	3	4.675737	6	11	2.0754643	1.8877551	
Boo	4	4.76%	6	14	16.3738602	19	20	3.1308909	80	128	140.7016807	153	189	18.8072732	10	37	50.0840336	62	111	19.7843754	0	4	4.9453782	6	10	2.0065962	1.7605042	
Bowser	0	38.92%	1	1	1	1	1	0	24	78	91.1402878	104	150	19.3226872	0	30	42.1613566	51	127	17.1201145	0	1	2.4470709	3	10	1.6190427	2.9943474	
Bowser	1	31.64%	2	5	9.4332024	14	20	5.2488772	39	90	105.3211125	120.2040816	172	22.3175122	6	34	46.6554994	57.2857143	114	17.2814006	0	2	3.0878635	4	10	1.8476737	2.6333755	
Bowser	2	19.14%	3	10	13.3763587	17	20	4.5005659	50	105.65625	120.2685475	136	185	22.7828783	6	36.078125	48.5820272	59.328125	138	17.8901446	0	2	3.6959248	5	12	1.9412785	2.3573668	
Bowser	3	8.52%	6	13	15.5067961	18	20	3.3946635	66	122	138.6666667	156	193	23.4074276	10	35	47.1197183	56	108	16.4648505	0	3	4.3920188	6	10	1.8997979	1.9976526	
Bowser	4	1.78%	8	15	16.8166667	19	20	2.8106444	82	126	144.6404494	165	224	26.880613	11	33	44.494382	55	93	17.0782229	1	3	4.5280899	6	11	1.9948805	2.1011236	
Bowser Jr	0	17.94%	1	1	1	1	1	0	35	59	68.3110368	77	103	12.9424686	18	41.7222222	55.0167224	65	138	19.2496579	0	1	2.477146	3	7	1.4560761	2.7904125	
Bowser Jr	1	34.3%	2	2	6.7036315	10	20	5.3583643	36	71	82.2425656	92.8828125	129	15.3994641	14	39	52.7393586	63.7070312	149	19.5356069	0	2	2.9930029	4	11	1.6402226	2.5574344	
Bowser Jr	2	28.16%	3	8	11.8090452	16	20	4.8026778	39	84.6666667	96.2088068	107.9166667	153	16.811932	14	39	52.7826705	63.5	135	19.697346	0	3	3.7819602	5	11	1.8332592	2.2230114	
Bowser Jr	3	15.38%	5	12	14.4397959	18	20	3.8385063	59	101	113.756827	126	170	18.867877	12	38	51.7828349	62.8333333	125	19.3446845	0	3	4.6306892	6	12	1.905135	1.8881664	
Bowser Jr	4	4.22%	7	14	16.1560284	19	20	3.0289002	78	110	123.8483412	138	173	19.2616244	9	32	44.7867299	55	108	18.9978052	1	4	5.1516588	7	10	1.88929	1.6729858	
Daisy	0	24.36%	1	1	1	1	1	0	60	65	66.6330049	68	73	2.0676079	18	41.8	57.4885057	70.32	175	21.0350076	0	1.64	2.500821	3	7	1.4032858	2.7635468	
Daisy	1	39.84%	4	6	9.9801692	13	20	4.5409446	62	72.1604938	78.7058233	85	98	7.6523224	12	39.7530864	53.8965863	65.4567901	140	20.3224594	0	2	2.8463855	4	8	1.5566598	2.6300201	
Daisy	2	22.1%	5	10	13.4972067	17	20	4.2958656	65	82.7555556	90.1520362	98	123	10.704017	15	37	52.3782805	64.375	143	21.1145096	0	2	3.5502262	5	10	1.7482926	2.280543	
Daisy	3	10.72%	7	13	15.4291971	18	20	3.4306085	72	94.75	103.9589552	112	147	13.064214	9	36	52.6175373	65	151	22.4796174	0	3	4.391791	6	10	1.875671	1.9570896	
Daisy	4	2.98%	9	15	17.0055866	19	20	2.7186449	77	108	115.4563758	124	154	14.9003325	9	31	44.7114094	55	123	19.8498712	0	3	4.5771812	6	8	1.7917829	1.8657718	
Diddy Kong	0	54.16%	1	1	1	1	1	0	14	56	67.2677253	77	126	15.3055403	6	31.494709	44.6971935	54.2777778	148	19.0524784	0	1	2.3050222	3	8	1.4241082	2.9250369	
Diddy Kong	1	28.76%	2	8	11.7469459	16	20	4.7352798	28	70.0138889	82.3191933	94	135	16.8990394	4	35.5416667	49.5292072	61.0416667	135	19.1898913	0	2	3.0229485	4	9	1.5614984	2.5716273	
Diddy Kong	2	12.64%	5	12.2222222	15.0187354	18	20	3.7553553	45	82	95.0443038	107	149	18.2244602	15	37	51.7072785	63	128	19.8453214	0	3	3.7737342	5	10	1.7559321	2.2389241	
Diddy Kong	3	3.72%	7	15	16.4369369	19	20	2.9718023	49	95	109.5322581	122	171	20.6186973	15	37	50.5645161	59	122	19.5401057	0	3	4.4193548	6	9	1.7919928	2.016129	
Diddy Kong	4	0.72%	9	16	17.2093023	20	20	2.9926898	88	103	118.5	130	160	19.6277864	14	37	47.6388889	56	99	20.4629106	2	4	5.2222222	6	10	2.0964403	1.7777778	
Donkey Kong	0	54.1%	1	1	1	1	1	0	0	50	61.8040665	80	140	20.875444	3	36.5330688	53.3338262	66.3928571	159	23.1193284	0	2	2.9075786	4	10	1.6507316	2.6214418	
Donkey Kong	1	24.28%	2	5	9.3660131	13	20	5.167122	20	64.76	81.931631	97	155	23.1349334	10	45	63.6663921	79	177	25.1643345	0	2	3.4654036	5	9	1.788681	2.324547	
Donkey Kong	2	14.88%	4	10	13.5855689	17	20	4.343095	33	81	97.9704301	113.8333333	172	24.4289993	7	49	66.8387097	80.1666667	178	25.917068	0	3	4.3763441	6	11	2.0255836	1.9677419	
Donkey Kong	3	5.54%	6	14	15.7952522	18	20	3.3961369	35	97	117.2527076	138	190	27.8286603	21	52	70.5920578	86	173	26.4721707	0	4	5.3032491	7	11	2.0679147	1.6028881	
Donkey Kong	4	1.2%	8	16	17.1315789	19	20	2.6869181	66	102	123.9333333	144	184	26.0933367	24	49	62.6833333	76	146	23.2604755	2	4	5.7	7	9	1.7823206	1.4	
Dry Bones	0	25.08%	1	1	1	1	1	0	40	65	70.2232855	75	105	10.5562018	14	46	62.0988836	74.48	164	22.5028749	0	2	2.6929825	4	9	1.51041	2.6483254	
Dry Bones	1	38.3%	3	5	9.6729845	13.1125	20	4.8883532	41	71.1080247	81.8684073	91.9783951	124	13.7728465	12	41.2345679	57.8558747	69.9845679	175	22.9440029	0	2	3.0903394	4	10	1.5936184	2.5284595	
Dry Bones	2	25.12%	4	11	13.8640087	17	20	4.0446132	53	83	94.156051	105	139	15.6409101	15	40	55.6871019	67.54	147	21.5032961	0	2	3.7595541	5	12	1.7866689	2.2452229	
Dry Bones	3	9.52%	7	14	15.9304348	19	20	3.2214545	61	97	108.5462185	121	165	17.2459947	13	38	54.355042	68	151	21.7122607	0	3	4.539916	6	10	1.7729537	1.8865546	
Dry Bones	4	1.98%	9	15	16.8139535	19	20	2.7016143	77	103	118.7676768	132	168	19.3081488	14	32	49.7474747	66	121	22.6637001	0	4	5.0909091	7	10	2.0354977	1.7272727	
Goomba	0	32.44%	1	1	1	1	1	0	24	51.3673469	58.3612824	65	94	10.303959	14	40	52.9149199	62	143	18.046731	0	1	2.2651048	3	8	1.3685757	2.8951911	
Goomba	1	29.86%	1	1	7.1832445	12	20	5.9345047	31	64	74.0542532	83.8928571	115	14.1085782	20	44	57.9665104	68.5102041	147	18.6939665	0	2	2.8345613	4	9	1.5489634	2.6336236	
Goomba	2	22.12%	3	7.6111111	11.6938992	16	20	4.9553112	51	80	91.7676311	103	130	15.9768504	21	46	59.465642	69	174	18.5807751	0	3	3.7802893	5	10	1.7449515	2.1862568	
Goomba	3	12.36%	5	12	14.5494223	18	20	3.9416227	61	97	108.9449838	121	160	18.0659583	24	47.25	61.7605178	73	140	19.2191651	0	3	4.684466	6	10	1.8744884	1.7524272	
Goomba	4	3.22%	7	14	16.1004785	19	20	3.2317874	81	110	121.9378882	134	167	17.8428925	26	43	56.5838509	68	106	18.8114406	1	4	5.310559	6	11	1.8691215	1.6397516	
Hammer Bro	0	14.36%	1	1	1	1	1	0	26	48	54.6142061	61	83	9.8645517	18	44	57.2674095	66	151	19.2081639	0	1	2.2033426	3	8	1.3457412	2.9192201	
Hammer Bro	1	29.76%	1	1	4.2636618	7	20	5.2491259	29	64	74.6700269	86	118	15.2933454	18	46.6938776	61.0288978	71.7857143	144	20.6731762	0	2	2.9448925	4	8	1.6013018	2.5302419	
Hammer Bro	2	29.02%	3	6	10.2984968	14.1045918	20	5.1027753	37	81	92.337009	104	137	16.7577749	18	47.3819444	61.7091661	73	213	20.3432175	0	3	3.8001378	5	10	1.7634078	2.1750517	
Hammer Bro	3	20.62%	4	11	13.8875652	17	20	4.1372599	63	99	111.0785645	123	166	17.672268	18	47.984375	61.8118332	73.015625	142	19.9789777	0	3	4.8477207	6	12	1.9048899	1.7546072	
Hammer Bro	4	6.24%	5	14	16.235012	19	20	3.2977606	64	110	121.3429487	133	164	17.3925552	18	42	54.7788462	64	117	18.7373667	0	4	5.349359	7	12	1.886966	1.5897436	
Koopa	0	18.8%	1	1	1	1	1	0	38	57	67.4702128	76	113	13.50753	11	41	57.2744681	69	188	21.9528796	0	2	2.6382979	4	11	1.5232319	2.6712766	
Koopa	1	35.78%	2	3	7.4714286	11	20	5.1754366	37	70.390625	81.0939072	91.9726562	128	15.6576036	15	39	53.5986585	65.7265625	153	20.3152603	0	2	3.0665176	4	10	1.6480563	2.5394075	
Koopa	2	28.58%	3	9	12.6045795	16.4318182	20	4.5748779	47	83	94.6144157	105.5625	154	17.1783658	12	39.9513889	54.4009797	66	179	21.1868828	0	2	3.7704689	5	11	1.8590489	2.1945416	
Koopa	3	13.26%	5	12	14.8527316	18	20	3.8563485	55	97	109.3846154	122.8125	176	18.6547954	12	38	52.3197587	63	128	20.6228874	0	3	4.5987934	6	10	1.9149641	1.8717949	
Koopa	4	3.58%	7	15	16.248927	19	20	3.2251441	61	111	122.6312849	137	198	20.701883	13	33	48.4581006	61	115	20.8945792	1	4	5.2122905	6	11	2.0847048	1.7318436	
Luigi	0	21.48%	1	1	1	1	1	0	36	62	69.6629423	77	104	11.0522706	18	43	58.4860335	70	165	20.4894552	0	1	2.5139665	3	8	1.4410484	2.7942272	
Luigi	1	35.86%	1	4	7.994651	12	20	5.54298	41	73	82.9721138	93	138	14.4965447	6	40	55.3943112	67.546875	164	20.5814831	0	2	3.0635806	4	11	1.6133077	2.5025098	
Luigi	2	26.8%	3	9	12.7257384	17	20	4.7592069	54	86	97.4014925	109.3333333	146	16.8359955	12	39.0277778	53.8753731	65.3333333	150	20.759752	0	3	3.8350746	5	10	1.7814449	2.1813433	
Luigi	3	12.66%	4	12	14.8348045	18	20	3.7304107	66	101	114.5276461	127	177	18.9434081	9	39	53.2748815	65	169	20.3563891	0	3	4.5671406	6	11	1.8246151	1.8878357	
Luigi	4	3.2%	6	14	16.1142857	19	20	3.1238386	70	111	125.93125	140	177	20.2206954	11	32	46.9375	57	128	20.2560755	1	4	4.98125	6	12	1.8216472	1.775	
Mario	0	20.08%	1	1	1	1	1	0	45	65	69.938247	75	95	7.2496855	12	43.125	58.2360558	69.8125	147	21.5780584	0	2	2.6145418	4	8	1.5049148	2.7061753	
Mario	1	34.9%	1	3	7.722973	12	20	5.5213284	56	75	83.9186246	92	118	11.505236	12	40	55.1816619	67	169	20.8850231	0	2	3.0578797	4	10	1.5981999	2.5226361	
Mario	2	26.84%	3	8.7107438	12.3602843	16.0619835	20	4.8648007	53	88	97.8233979	108	140	14.2772511	12	40.1666667	55.4068554	67	154	21.7104276	0	3	3.9314456	5	12	1.7887071	2.1028316	
Mario	3	14.28%	4	12	14.6974697	18	20	3.9504361	72	102	114.6008403	126	168	17.0272166	13	36.3333333	52.7016807	64	135	21.3312365	0	3	4.6960784	6	12	1.9457089	1.8109244	
Mario	4	3.9%	5	14	16.3095238	19	20	3.1921637	80	117	128.7846154	142	189	17.2841937	16	37	50.1589744	62	133	18.5635529	0	4	5.1692308	6	10	1.9019765	1.6051282	
Monty Mole	0	23.24%	1	1	1	1	1	0	37	59.92	65.746988	72	94	8.9224819	14	34	46.5654045	56	140	17.299566	0	1	2.1936317	3	7	1.3832763	3.0154905	
Monty Mole	1	33.18%	1	2	7.2464825	11	20	5.784177	43	72.3203125	81.4761905	90.828125	116	12.8487705	11	37	49.9897529	60	116	17.5183848	0	2	2.8306209	4	9	1.5507109	2.6720916	
Monty Mole	2	25.6%	3	8	12.0917852	16	20	4.8501947	56	85.8	96.7109375	107.7272727	137	15.017361	12	38	50.5101563	60	133	17.3413313	0	2	3.6507813	5	9	1.8068661	2.2992188	
Monty Mole	3	14.52%	4	12	14.6262514	18	20	3.9584073	64	100.4444444	112.5812672	125	164	17.0181683	13	38	49.815427	59.5555556	121	17.0260401	0	3	4.4559229	6	11	1.9033425	1.9738292	
Monty Mole	4	3.46%	6	14	16.2913043	19	20	3.0140848	77	111	126.2485549	139	170	18.9010677	12	33	48.0867052	59	104	19.6747688	1	4	5.0982659	6	10	1.9990308	1.7109827	
Normal Dice	0	18.36%	1	1	1	1	1	0	42	65	70.2930283	76	96	7.5988888	11	39	53.3834423	63.90625	133	19.664978	0	1	2.4346405	3	7	1.4331807	2.8485839	
Normal Dice	1	33.82%	1	2	6.8290054	10.9173554	20	5.5668545	51	76	84.9556475	94	126	12.2945246	11	38.296875	51.2572442	62	119	18.6902147	0	2	2.9727972	4	10	1.6025461	2.5813128	
Normal Dice	2	27.74%	3	8	11.8992054	16	20	4.9036176	59	91	100.0461428	110	145	14.3012961	9	38	51.3107426	61.8541667	154	19.6119358	0	2	3.741168	5	10	1.8314089	2.2343187	
Normal Dice	3	16.1%	4	11	14.3466135	18	20	4.0594902	70	105	116.5776398	128	170	16.6752838	10	37	50.6670807	62	143	19.0298483	0	3	4.6012422	6	12	1.9493585	1.8621118	
Normal Dice	4	3.98%	6	14	16.0572519	19	20	3.3281939	86	117	129.9849246	143	177	17.7736967	10	32	44.080402	54	109	17.4007904	1	4	4.9396985	6	10	1.966141	1.7688442	
Peach	0	31.48%	1	1	1	1	1	0	36	60	65.7801779	72	92	8.5169665	6	32	44.9574333	55	131	17.6431547	0	1	2.1264295	3	7	1.3341951	3.0266836	
Peach	1	36.62%	3	6	10.2589025	14	20	4.6772466	46	70.1078431	78.284544	86.3970588	113	11.4464238	6	32.2875817	45.2146368	54.9771242	131	18.0258727	0	1.251634	2.6029492	4	9	1.4953677	2.8050246	
Peach	2	21.26%	4	11	14.0871473	17	20	3.8846121	52	81	90.2549389	99	128	13.140743	8	33	45.0498589	54.15625	130	17.633948	0	2	3.2577611	4	10	1.6589146	2.5136406	
Peach	3	8.82%	7	14	16.0112782	19	20	3.2380295	61	94	103.9297052	113	150	14.4751582	9	30	42.7324263	52	111	17.3642076	0	3	4.0680272	5	10	1.8405604	2.1814059	
Peach	4	1.82%	9	15	17.3207547	20	20	2.6583694	77	101	114.4395604	126	154	15.9891507	6	28	38.5494505	48	87	18.1654567	1	3	4.3626374	6	8	1.7760091	2.1208791	
Pom Pom	0	32.68%	1	1	1	1	1	0	36	58	65.9283966	73	110	10.4298855	9	37	53.7325581	67	151	22.2230284	0	1	2.5171359	3	7	1.455589	2.7576499	
Pom Pom	1	36.96%	3	6.4888889	10.5879382	14	20	4.6283591	39	69	77.9599567	87	129	13.2089648	12	37	53.9897186	66.0308642	164	22.8588602	0	2	2.9756494	4	9	1.5807802	2.58171	
Pom Pom	2	20.3%	4	10.4285714	13.9216074	18	20	4.2492866	51	79.234375	90.3921182	100	138	14.7863583	8	37	52.4009852	65.015625	164	21.0813063	0	2	3.6758621	5	10	1.7505407	2.2581281	
Pom Pom	3	8.08%	7	13	15.5666004	18	20	3.3679341	59	94	104.25	115	156	16.7857606	9	35	51.4579208	64	145	22.1634502	0	3	4.460396	6	11	1.8309538	1.8861386	
Pom Pom	4	1.98%	10	15	16.940678	19	20	2.5587748	70	107	118.1919192	129	166	16.4345514	12	35	51.7979798	64	121	23.2617863	0	3	4.9494949	6	10	1.9507768	1.7474747	
Rosalina	0	36.06%	1	1	1	1	1	0	13	47	55.0066556	63	90	11.815036	13	39	51.7149196	61.40625	157	17.1979676	0	1	2.1708264	3	7	1.3580731	2.9816972	
Rosalina	1	31.78%	2	4.2032086	9.1185486	13	20	5.3251509	28	59	69.4921334	79.1377551	114	14.707108	14	43.3367347	56.4996853	66.2295918	153	18.6350673	0	2	2.7426054	4	8	1.525476	2.689742	
Rosalina	2	20.54%	3	10	13.375	17	20	4.5015804	40	70.859375	81.9435248	93	140	16.1854132	12	44	57.4858812	68	150	18.8520232	0	2	3.4070107	4	9	1.6722343	2.3680623	
Rosalina	3	9.6%	5	13	15.3270224	18	20	3.4571052	46	86	98.61875	111	146	18.1776667	20	42	56.09375	66	120	17.9343003	0	3	4.35	6	11	1.8479719	1.98125	
Rosalina	4	2.02%	8	15	16.9191176	20	20	2.9532015	47	96	106.6831683	120	151	19.4462604	25	40	51.1386139	60	106	16.0031121	0	3	4.8316832	6	10	1.8883138	1.8217822	
Shy Guy	0	27.52%	1	1	1	1	1	0	40	60	65.5668605	72	80	6.8504503	6	35	51.0581395	63.1666667	156	22.6120811	0	1	2.190407	3	7	1.4127002	2.9731105	
Shy Guy	1	39.6%	5	7	10.7218543	14	20	4.4642197	44	71	77.9959596	85	105	10.0927509	3	35	50.489899	62.3395062	154	22.0223348	0	2	2.6994949	4	9	1.4975063	2.7080808	
Shy Guy	2	22.74%	6	12	14.4701946	17.1836735	20	3.6522782	54	81.74	89.1099384	97	119	11.6523693	9	34.35	50.3069481	63.04	161	21.7996771	0	2	3.3201407	4	9	1.6510621	2.414248	
Shy Guy	3	8.48%	7	14	16.2209073	19	20	2.8936639	66	92	101.2028302	110	137	13.0825172	9	33	49.4693396	63	137	22.5881711	0	3	3.870283	5	10	1.8053024	2.1650943	
Shy Guy	4	1.66%	10	16	17.4835165	19	20	2.3410462	74	101	110.6987952	120	143	13.9445848	15	31	47.4578313	60	121	21.830288	0	3	4.6506024	6	9	1.9538885	1.9638554	
Waluigi	0	19.18%	1	1	1	1	1	0	32	61	68.9927007	76.484375	106	11.1198302	12	33	45.8112617	56	118	17.2041305	0	1	2.1418144	3	6	1.4356961	3.0510949	
Waluigi	1	31.62%	1	1	5.5748577	9	20	5.6029565	35	77	86.683112	97.4183673	128	14.6285278	11	36	48.5578748	58.9030612	112	17.0791948	0	1.4897959	2.6344086	4	9	1.5618572	2.7963314	
Waluigi	2	27.04%	2	7	11.1268293	15	20	5.0782667	48	91.8888889	103.1368343	115.9444444	151	16.8222452	5	36.1111111	47.9963018	58	120	17.1210229	0	2	3.4127219	5	9	1.7783422	2.433432	
Waluigi	3	17.5%	4	11	14.2481949	18	20	4.0729745	54	108	120.1165714	132.1944444	173	17.951048	12	37	48.56	59	116	17.6212729	0	3	4.1965714	5	11	1.8473733	2.0845714	
Waluigi	4	4.66%	6	14	16.1400651	19	20	3.1586586	83	121	132.8626609	144	179	17.3360629	12	33	45.1759657	56	94	16.873397	0	3	4.6223176	6	11	1.9986733	1.9313305	
Wario	0	30.82%	1	1	1	1	1	0	30	66	76.890331	84	120	12.8809874	0	29	42.1245944	52	140	18.4359578	0	1	2.045425	3	7	1.4198967	3.1544452	
Wario	1	33.52%	3	4	8.7435675	12.1226852	20	5.0060832	48	83	93.3520286	104	141	15.3312724	4	34	46.7613365	57	136	18.32113	0	2	2.8126492	4	8	1.6680294	2.697494	
Wario	2	23.82%	4	10	13.2899607	17	20	4.2837581	54	97	108.7598657	120	155	16.9183678	3	35	48.3350126	59	129	18.6360549	0	2	3.5583543	5	11	1.8316406	2.3266163	
Wario	3	9.84%	6	14	15.8699324	19	20	3.2065665	73	110	122.5853659	135	175	17.4445355	11	34	48.2479675	59	124	19.1580794	0	3	4.2398374	6	10	1.9252807	2.0325203	
Wario	4	2%	9	15	16.8629032	19	20	2.5505682	87	123	135.32	150	178	18.5977848	14	31	42.69	52	93	16.1961076	0	3	4.79	6	11	1.9457389	1.83	
Yoshi	0	25.04%	1	1	1	1	1	0	34	55	62.3602236	69	98	10.2038542	9	35	48.2236422	58.04	125	18.8176762	0	1	2.1789137	3	8	1.3931379	2.9400958	
Yoshi	1	33.76%	1	2	7.5899146	12	20	5.7953055	39	68	77.5864929	87	125	14.0732969	12	36	49.6131517	60.5625	132	18.9382319	0	2	2.7517773	4	8	1.5647545	2.6943128	
Yoshi	2	24.24%	3	8	12.2786408	16	20	4.945237	38	80	91.9570957	104	146	16.8784181	9	35	48.7268977	59.9	149	19.4470722	0	2	3.4381188	5	10	1.7129768	2.3976898	
Yoshi	3	13.52%	4	12	14.7582547	18	20	3.9863331	54	99	110.2884615	123	176	19.3526427	8	36	50.0207101	62	126	19.6545503	0	3	4.2869822	6	11	1.9934528	2.0739645	
Yoshi	4	3.44%	6	15	16.1476793	19	20	3.1083332	76	108	120.9069767	134	185	19.8184363	9	30	42.3023256	52	99	16.1835904	0	4	4.8255814	6	9	1.8120518	1.7965116	
