Character	AllyCount	Frequency	Min Turn Gained	1st Quartile Turn Gained	Avg Turn Gained	3rd Quartile Turn Gained	Max Turn Gained	Turn Gained SD	Min Distance	1st Quartile Distance	Distance Avg	3rd Quartile Distance	Max Distance	Distance SD	Min Coins	1st Quartile Coins	Coin Avg	3rd Quartile Coins	Max Coins	Coin SD	Min Stars	1st Quartile Stars	Star Avg	3rd Quartile Stars	Max Stars	Stars SD	Average Place
Bowser	4	1.889%	7	15	16.8396187	19	20	2.7620761	58	130.4691358	147.4155638	164.8580247	229	24.7057729	3	34	48.4944415	60.1203704	131	19.64702	0	3	4.7723663	6	13	2.0916175	1.8650079	
Bowser	3	8.467%	4	13	15.5320587	18.0226386	20	3.4624616	55	121	137.5542695	154	222	24.1949335	6	39	53.96197	65.6596467	187	21.1593519	0	3	4.579426	6	13	2.1080233	1.948506	
Bowser	2	19.856%	3	10	13.3790878	17	20	4.3654219	25	104.8527135	120.268332	135.2634529	209	22.6065036	0	38.3012343	53.0833501	64.6470659	208	20.6092941	0	2	3.8570205	5	13	1.9976452	2.24305	
Bowser	1	31.213%	2	5	9.3607326	13.311743	20	5.2268349	25	91	105.8593214	120.3464687	190	21.4094355	3	37	51.7578573	63.3926952	175	20.7332089	0	2	3.2109698	4	12	1.8808053	2.5447089	
Bowser	0	38.575%	1	1	1	1	1	0	18	77	90.6553208	103.9140294	178	19.6928266	0	32.002682	46.7334543	57.897715	183	20.2819896	0	1	2.5341283	4	10	1.6698836	2.883059	
Boo	4	4.981%	5	14	15.872822	19	20	3.3789544	72	129.4840909	142.9018269	156.563961	207	19.9623566	3	34.8030303	48.7542662	59.9230519	165	19.7043049	0	3	4.8494278	6	13	2.0480609	1.8159004	
Boo	3	17.957%	4	11	14.0064958	17.9210465	20	4.1579045	63	118	131.3562956	144.63	203	19.0316303	5	39.1886048	54.042212	65.8243168	179	20.6807517	0	3	4.5621206	6	12	1.9969063	1.8938019	
Boo	2	28.69%	2	6	10.7262726	15	20	5.1019127	45	103	114.427954	126.1686106	178	17.1720017	0	39	53.755908	65.3103399	190	20.8106483	0	2	3.8180551	5	12	1.9265372	2.2075288	
Boo	1	28.854%	1	1	4.5473025	6	20	5.1019823	30	88	98.767138	110	152	15.8581761	3	38.3564324	53.1821238	64.9642331	178	20.8345431	0	2	3.0438761	4	12	1.7546979	2.5629722	
Boo	0	19.518%	1	1	1	1	1	0	27	70	78.7454145	88	122	13.3313529	0	30.4464375	45.1301875	56.7239299	175	20.552149	0	1	2.1122554	3	10	1.4810178	3.0575366	
Daisy	4	2.631%	8	15	16.7117385	19	20	2.8372593	76	105	115.9885975	126.5281065	160	14.9434721	9	32.2455621	46.3664006	56.1701183	188	19.6122697	0	3	4.6628658	6	12	1.8943957	1.854428	
Daisy	3	10.886%	6	13	15.3569579	18	20	3.555671	66	94.7867647	104.4694103	114	152	13.8149675	4	36	50.4057505	61.5763796	145	20.1708275	0	3	4.1859269	5	11	1.8484687	2.0261804	
Daisy	2	22.72%	5	10	13.4018545	17	20	4.3610357	62	83	90.5376761	98	124	10.6437092	7	38	52.1818662	63	202	20.0986876	0	2	3.3702905	4	10	1.6874869	2.3616637	
Daisy	1	40.113%	4	6	10.0308579	13	20	4.5893863	60	72	78.3364745	84.608004	100	7.5894513	6	39.3267952	53.9750206	64.9452175	193	20.2903801	0	2	2.7099693	4	9	1.5221364	2.6724005	
Daisy	0	23.65%	1	1	1	1	1	0	60	65	66.6020719	68	75	2.1016866	6	43	58.0545032	69.4491173	192	20.9002107	0	1	2.3304863	3	8	1.3816514	2.8302326	
Bowser Jr	4	4.141%	5	14	16.281047	19	20	3.1161685	61	110.1120773	123.2685342	136.4292355	191	19.061495	6	34.4762626	48.3957981	59.026343	144	19.2796142	0	4	5.0277711	6	12	1.9718991	1.7350881	
Bowser Jr	3	15.145%	4	12	14.7384113	18	20	3.8499902	45	99.9695534	112.346451	124.6718969	178	18.2492757	0	38.7262274	53.2895345	64.9068998	168	20.4685546	0	3	4.5127105	6	14	1.9520803	1.9035325	
Bowser Jr	2	27.595%	3	8	11.9698599	16	20	4.7671589	33	85	96.5178474	108	174	16.7497553	7	39.9561013	54.3082442	65.6913024	186	20.5431185	0	2	3.7161805	5	13	1.815948	2.2229752	
Bowser Jr	1	34.698%	2	2	6.6183944	10	20	5.3565607	29	71.153727	82.0470344	92	142	15.2129401	5	40	54.5068592	65.7142946	185	20.3868269	0	2	2.962995	4	10	1.6470033	2.5598305	
Bowser Jr	0	18.421%	1	1	1	1	1	0	26	59	67.9883828	76	122	12.8238273	12	42	56.733185	67.7269259	189	20.5853983	0	1	2.3696325	3	9	1.4356276	2.8346995	
Diddy Kong	4	0.989%	8	15	17.060507	19	20	2.6884451	47	109.28125	123.5834176	138	199	21.3260681	11	39	52.3478261	63	142	19.0074316	0	4	5.3569262	7	12	2.0462314	1.6420627	
Diddy Kong	3	5.124%	6	14	16.0269917	19	20	3.26842	47	98.0267857	112.161007	125.8341837	185	20.0272266	11	41.552005	56.2581967	68	150	20.5209733	0	4	4.8795863	6	13	1.9226202	1.7517564	
Diddy Kong	2	14.248%	4	11	14.1098178	18	20	4.1604789	29	84.0605797	97.0726418	109.9295592	173	18.7096334	7	40	55.0442869	66.5501574	199	20.6982665	0	3	3.9970522	5	12	1.8320459	2.0991718	
Diddy Kong	1	29.675%	2	6	10.8217284	15	20	5.2813061	25	71	83.2081887	94.9492193	151	17.0654242	5	38	52.9990901	64.3509884	180	20.7643082	0	2	3.1324347	4	11	1.6341092	2.4799326	
Diddy Kong	0	49.964%	1	1	1	1	1	0	7	56	66.6351973	77	133	15.4909436	0	33	47.0936074	57.5163821	172	19.8024444	0	1	2.2384117	3	9	1.39601	2.9251461	
Donkey Kong	4	1.433%	7	15	16.9366315	19	20	2.7871276	51	107.9791667	125.65806	143	224	25.5441608	11	46	61.555478	73.0625	165	21.1932562	0	4	5.6762038	7	13	2.0570642	1.525471	
Donkey Kong	3	6.277%	5	13.609589	15.7802853	19	20	3.3434956	39	95.4843537	113.4938665	130.4527888	219	25.3318614	12	49	64.9566672	77.9236111	205	22.0883284	0	4	5.0584674	6	14	2.0641899	1.7127609	
Donkey Kong	2	16.064%	3	10	13.5389922	17	20	4.2198328	26	80.2898135	96.7918327	112.5925481	185	23.8076386	6	48.721559	64.4461529	77.4521073	190	22.4935601	0	3	4.1865662	5	12	1.9338195	2.0305652	
Donkey Kong	1	25.452%	2	5	8.9342218	12.9288421	20	5.0614214	20	65.8758586	81.9101446	97.3593871	176	23.3424104	5	45	61.0627063	74.0417899	189	22.7431696	0	2	3.3565142	4	11	1.7705817	2.3685369	
Donkey Kong	0	50.774%	1	1	1	1	1	0	0	50	63.0929216	80	160	21.013854	0	35	49.6451924	60.9483805	184	20.7965264	0	2	2.7027022	4	11	1.5807171	2.6931106	
Dry Bones	4	2.003%	8	15	16.9019375	19	20	2.7271956	62	107.2426901	119.9281078	132.6578947	185	18.4544026	3	33	46.9750374	57	158	19.8277499	0	3.0026316	4.8212681	6	13	1.9525083	1.8062906	
Dry Bones	3	9.558%	6	13.4676724	15.8155869	19	20	3.3289096	54	96.69427	108.6050429	120.8002774	180	17.3056301	9	37.2098997	51.7543419	62.7572845	182	20.161607	0	3	4.3712074	6	13	1.89704	1.9643231	
Dry Bones	2	24.474%	4	10.8855365	13.7890107	17	20	4.1385967	41	83	94.4190161	105.1935484	150	15.7133735	3	39	53.5813516	64.801825	193	20.1529987	0	2	3.6387595	5	12	1.7856134	2.249857	
Dry Bones	1	37.948%	3	5	9.694146	13.5380803	20	4.9277838	37	71	81.1761358	90.5435377	139	13.7969593	8	40.8747669	55.1024033	65.9954275	182	20.3046355	0	2	2.9559924	4	11	1.6094557	2.5538105	
Dry Bones	0	26.017%	1	1	1	1	1	0	30	65	70.325172	79.7054629	115	10.8761173	12	45	60.0176423	71.1784787	216	20.6507284	0	1	2.5159703	3	9	1.4717962	2.725295	
Goomba	4	3.065%	5	14	16.3143502	19	20	3.2053455	55	107.0253906	120.0029364	133	179	18.7300822	14	45	59.6280587	70.7519531	174	20.4349442	0	4	5.3132137	7	13	1.9945533	1.6261011	
Goomba	3	11.772%	4	12	14.679113	18	20	3.960454	40	95	107.7135576	120.1829597	179	18.1210256	12	48.4234234	63.3358818	74.8347222	193	20.9504292	0	3	4.7063371	6	12	1.911431	1.7861876	
Goomba	2	22.391%	2	8	12.070216	16	20	4.9729105	33	78.8152602	90.1022732	101.6345443	146	16.4009482	11	47.8009704	62.7369479	74.2772926	187	21.0520436	0	2	3.7265419	5	12	1.7970919	2.1758742	
Goomba	1	30.346%	1	1.9577679	7.4658449	12	20	5.9686123	23	64	74.2759507	84	124	14.1128727	17	46.2096412	61.4665195	72.9900794	191	21.0564926	0	2	2.8969551	4	10	1.583906	2.5446187	
Goomba	0	32.426%	1	1	1	1	1	0	13	51	58.2393758	65	99	10.3916282	16	42	56.4987356	66.8635484	183	19.6932706	0	1	2.1969716	3	9	1.360474	2.8927712	
Koopa	4	3.716%	6	14.4917695	16.4549214	19	20	3.0098808	57	106.985	120.5255651	133.03	195	19.4388069	4	33	47.1038751	57.3	150	19.4260619	0	3.385	4.863563	6	12	1.9631856	1.8024758	
Koopa	3	13.598%	5	12	14.9898348	18	20	3.7462253	52	96	109.4374908	122	188	18.8199533	6	37.9759514	52.2745992	63.4224493	166	20.1559092	0	3	4.4728637	6	12	1.93347	1.9227828	
Koopa	2	27.925%	3	9	12.5669223	16.2637576	20	4.5659767	39	83	94.6018263	106	172	17.0470744	6	39	53.8650313	65.1612306	174	20.3457688	0	2	3.7020949	5	12	1.81229	2.2349508	
Koopa	1	36.223%	2	3	7.6403354	11	20	5.2612544	31	69.8109812	80.8122464	91	158	15.7441394	6	40	54.764459	65.932556	187	20.5483804	0	2	2.9995031	4	11	1.6502081	2.5390498	
Koopa	0	18.538%	1	1	1	1	1	0	27	58	67.6750998	76.6742081	129	13.7349416	9	42	56.5987701	67.9536774	164	20.3673005	0	1	2.4732981	3	10	1.4608806	2.781368	
Hammer Bro	4	5.738%	5	14	15.8536112	19	20	3.3814265	54	109.466199	121.6157198	134	183	18.3217233	12	43	57.3703381	68.2213115	155	20.1627226	0	4	5.2431161	6.9629121	14	1.9586993	1.630359	
Hammer Bro	3	19.525%	4	11	13.9994854	17.990747	20	4.1834255	43	98.2412493	110.1826889	122.2952128	174	17.8198947	12	47.2132838	62.0721127	73.6079944	184	20.7712429	0	3	4.6824584	6	13	1.8999999	1.7870935	
Hammer Bro	2	30.139%	3	6	10.5455579	15	20	5.1527645	32	81.1331697	92.2105577	103.9386982	144	16.3447949	13	47.8833387	62.6744086	74.5896686	183	20.8991359	0	2.3299823	3.7460102	5	11	1.7694022	2.1590298	
Hammer Bro	1	29.248%	1	1	4.2791494	7	20	5.3188313	20	63.9858851	74.7504103	86	123	14.9946927	12	47.6643814	62.7976614	74.6326653	176	21.2273519	0	2	2.9076518	4	10	1.5792517	2.5388403	
Hammer Bro	0	15.35%	1	1	1	1	1	0	19	48	54.1179805	61	88	9.6591869	15	45	59.6879479	69.9849926	183	20.3088839	0	1	2.1473616	3	8	1.3501277	2.9013681	
Mario	4	3.625%	5	14	16.2623158	19	20	3.2306804	72	115	127.3122759	140	186	18.4629695	6	34.4127424	48.3288276	58.5110803	161	19.641645	0	4	5.088	6	12	1.9768961	1.7310345	
Mario	3	13.806%	4	12	14.6755206	18	20	4.0285307	59	102	114.6096625	126.8946629	180	17.3586914	7	38	53.078589	64.2432377	213	20.6774756	0	3	4.5835868	6	13	1.9252856	1.8556425	
Mario	2	26.187%	2	8.5421208	12.3460269	16.0110885	20	4.8521834	54	88	98.2379425	108	151	14.2182396	3	39.1909976	53.8854775	64.9606918	194	20.4429503	0	2	3.695345	5	13	1.7871144	2.2260282	
Mario	1	35.562%	1	3	7.8457944	12	20	5.5723458	46	75	83.4886677	91.6475539	123	11.4611895	6	40.9648504	55.1766774	66.1742198	190	20.2439685	0	2	2.9672403	4	12	1.6108955	2.5423767	
Mario	0	20.82%	1	1	1	1	1	0	43	65	69.8758405	74.9951522	98	7.1280994	6	43.0839995	57.9743516	69.2461822	194	20.3761156	0	1	2.4573967	3	9	1.432557	2.7606628	
Luigi	4	3.089%	5	14	16.3034398	19	20	3.2039691	57	114	128.0142441	142	188	20.537937	7	35	49.0708967	60.109375	148	19.7777181	0	4	5.1605698	6	12	1.9153634	1.678213	
Luigi	3	12.375%	3	12	14.8864459	18	20	3.9651433	53	100.9967069	114.9869899	128.6126761	191	19.8703208	6	39	53.4151919	64.6921553	170	20.4198136	0	3	4.6219798	6	13	1.9600375	1.8607677	
Luigi	2	26.486%	2	9	12.5739928	17	20	4.8346875	44	85.996394	97.9736842	110	157	17.0447912	6	40	54.4921846	65.480789	180	20.5035104	0	2.0285185	3.7654232	5	11	1.8139256	2.1908555	
Luigi	1	36.197%	1	3.2717777	7.9815476	12	20	5.6376337	32	72.915836	83.0514131	93	138	14.6542958	3	40.9980987	55.3033953	66.7177267	180	20.3745708	0	2	2.9937288	4	11	1.6365779	2.5395198	
Luigi	0	21.853%	1	1	1	1	1	0	34	62	69.8931039	77.3502562	112	11.2315709	11	44.5699765	59.1709147	69.9879247	199	20.7925326	0	1	2.4722921	3	10	1.456715	2.7642429	
Monty Mole	4	3.515%	5	14	16.1594049	19	20	3.2220826	71	113.9587087	126.0614509	138	186	18.3464891	7	36	50.7317212	61.2627628	177	20.472957	0	4	5.0819346	6	13	1.9838898	1.7283073	
Monty Mole	3	13.792%	4	11.8583748	14.4980644	18	20	4.0650705	50	101.8630452	113.6874275	125.8840923	184	17.5280218	7	40	54.6631381	66	171	20.5009637	0	3	4.5740284	6	13	1.9292221	1.8708672	
Monty Mole	2	25.412%	2	8	11.9827477	16	20	4.9635868	42	86	96.5354163	107	149	15.1272439	5	40.579821	55.0433653	66.5326218	181	20.5720586	0	2	3.6871163	5	11	1.7900514	2.2250118	
Monty Mole	1	33.093%	1	2	7.1539334	11	20	5.7529463	36	72	81.2158765	90	126	12.9066786	6	40	55.1242257	66.4661999	179	20.834815	0	2	2.8943583	4	10	1.6135276	2.5835977	
Monty Mole	0	24.188%	1	1	1	1	1	0	29	60	65.8050686	72	98	8.8754587	8	37	51.8442616	62.9922531	172	20.4452064	0	1	2.2383413	3	8	1.397761	2.9064826	
Normal Dice	4	4.196%	5	14	16.0921385	19	20	3.3109637	77	116.8	128.6534795	141	183	17.7049093	6	33	47.6470448	58.3181818	144	19.7744688	0	4	5.0505243	6	12	1.9275046	1.7414204	
Normal Dice	3	15.638%	4	11.3307647	14.4466573	18	20	4.0756934	58	105	116.6301317	128.1542133	178	16.8926758	9	38.0950187	53.1271262	64.2912821	181	20.7631009	0	3	4.6380611	6	13	1.940795	1.8453766	
Normal Dice	2	27.648%	3	8	11.8626006	16	20	4.929817	52	89.989546	99.8458116	110	148	14.2962665	7	39.0805031	53.8757595	65.2614934	186	20.319269	0	2.8173599	3.7745949	5	13	1.8102364	2.1886212	
Normal Dice	1	34.207%	1	2	6.8954816	11	20	5.5923269	47	76	84.6745111	93	126	11.8543479	8	40	54.7258164	66.1823752	199	20.6872688	0	2	2.9521735	4	12	1.6189612	2.5518461	
Normal Dice	0	18.311%	1	1	1	1	1	0	41	65	70.1478892	75	100	7.5740371	6	41	55.750314	67.3591549	174	20.7315692	0	1	2.38283	3	9	1.4201935	2.8242586	
Shy Guy	4	1.762%	9	16	17.2935694	19	20	2.4289581	54	103.7421875	113.5130533	123.3515625	164	14.527015	3	29	42.5130533	53	148	19.3369108	0	3	4.3734393	6	11	1.8505877	2.0102157	
Shy Guy	3	9.359%	8	14	16.0507149	19	20	3.1232713	58	93.208502	102.6303024	112	151	13.556248	3	32	46.582434	57.841904	159	20.0212361	0	3	3.8569292	5	11	1.8051057	2.1879474	
Shy Guy	2	22.297%	6	11	14.143695	17.2281746	20	3.9145825	46	81	89.5496255	98	129	12.0463319	3	33	47.8765305	59.0525118	171	20.417615	0	2	3.1677804	4	10	1.6842164	2.4885859	
Shy Guy	1	38.926%	5	6	10.584734	14	20	4.5821181	40	71	78.0210142	85	107	10.0744937	3	33.9781279	48.5259724	59.9456878	204	20.3933303	0	1	2.5583672	3.8981314	9	1.5167368	2.7797102	
Shy Guy	0	27.656%	1	1	1	1	1	0	32	60	65.5037605	72	80	6.8602459	3	33	47.8863538	58.8646658	193	20.3873112	0	1	2.0575644	3	8	1.3644834	3.0175007	
Pom Pom	4	2.097%	7	15	16.7404063	19	20	2.8296825	62	106	119.1196948	132	172	18.6018822	6	32	45.7763472	56.045	151	20.1944069	0	3	4.7129232	6	11	1.952363	1.8779208	
Pom Pom	3	8.994%	5	13	15.4803895	18.4484711	20	3.5497734	45	94	106.579831	118.8130081	181	17.8831579	6	36	50.1816767	61.2060909	156	20.324932	0	3	4.2457194	5	13	1.8936877	2.0103402	
Pom Pom	2	21.061%	4	10	13.344582	17	20	4.4898332	44	80.3374362	91.2635677	101.7913866	155	15.4663909	6	36.9066551	51.1209819	62	202	20.3752902	0	2	3.4448982	5	12	1.7521962	2.3516927	
Pom Pom	1	36.178%	3	6	10.2420899	14	20	4.8461163	30	68	77.7602963	86.9626333	138	13.3399498	6	37.0035858	51.6888164	62.8424127	196	20.217696	0	2	2.7740616	4	10	1.5724104	2.6530488	
Pom Pom	0	31.67%	1	1	1	1	1	0	26	58	65.6591727	73	117	10.6165314	3	36.9208211	51.2260183	61.9927869	181	20.1963351	0	1	2.3286391	3	10	1.3996427	2.8582254	
Peach	4	1.756%	7	15	17.0715588	19	20	2.6652979	71	103.03125	115.23918	126.1875	189	16.8342033	6	29	42.9766515	53.71875	128	19.046461	0	3	4.4931663	6	11	1.8936589	1.9635535	
Peach	3	8.48%	5	13.9913381	15.8187769	19	20	3.3306578	51	93.2946429	104.4329009	115	171	15.7303555	0	33	48.0514151	59.6209695	153	20.214398	0	3	4.1213443	5	11	1.8674893	2.0795991	
Peach	2	20.76%	4	11	13.9190218	17	20	4.1688641	42	81	90.2645954	99.196678	141	13.4381577	3	34	48.7872351	59.9419372	168	20.3608336	0	2	3.3174855	4	12	1.7292738	2.4279865	
Peach	1	35.754%	3	6.7085038	10.5045993	14	20	4.6891605	40	70	77.9112267	86	122	11.3934455	4	35	49.3717906	60.3706862	172	20.4403218	0	1.6196825	2.6328523	4	10	1.5420986	2.7384908	
Peach	0	33.25%	1	1	1	1	1	0	28	60	65.5873684	72	98	8.6150676	3	34.3798271	49.0564211	59.9880594	178	20.4417148	0	1	2.1076692	3	9	1.3674469	2.987609	
Rosalina	4	2.118%	5	15	16.7390649	19	20	2.82078	55	97.145	110.4395656	122.985	177	18.8759652	14	43	57.4017941	68	175	20.0867227	0	4	5.0472144	6	12	1.9463142	1.7176582	
Rosalina	3	8.721%	4	13	15.3586124	18	20	3.5704019	41	86	98.4630203	110.3428571	173	18.091368	13	45.8362132	60.6803119	72.3541667	177	20.8329383	0	3	4.3619998	6	11	1.8589824	1.9436991	
Rosalina	2	20.369%	3	10	13.2704435	17	20	4.4710376	28	71.8847841	83.0986303	94	148	16.3246689	13	46	61.0478178	72.0719473	184	21.1093688	0	2	3.4869164	5	11	1.7430105	2.3081644	
Rosalina	1	33.165%	2	4.9704801	9.3376571	13.9762947	20	5.367484	18	59	69.3798583	79.5279845	131	14.7246546	13	45	60.0184833	70.9717527	201	20.7679429	0	2	2.7429821	4	10	1.557048	2.6436002	
Rosalina	0	35.627%	1	1	1	1	1	0	13	47	55.4074438	63.4534647	111	12.2447459	14	41	55.6889999	65.94925	187	20.0119453	0	1	2.1134533	3	9	1.3598527	2.9597496	
Waluigi	4	4.641%	4	14	16.0037277	19	20	3.3354079	67	119.6806184	132.5026934	146	189	18.9509864	3	34	48.1715148	58.7624434	174	19.9028749	0	3	4.7349709	6	12	1.9825795	1.8517561	
Waluigi	3	16.626%	3	11	14.1284149	18	20	4.1733621	48	108	120.444665	133	185	18.4268259	4	38	53.0627331	64.6682947	184	20.5534156	0	3	4.3220257	6	13	1.9425447	1.9883917	
Waluigi	2	27.655%	2	7	11.1703528	15.3484211	20	5.1013406	38	91.9463282	102.9142289	114.7983511	160	16.4902875	6	39	53.649322	65.0239294	193	20.5817148	0	2	3.5299584	5	12	1.840316	2.3347315	
Waluigi	1	30.985%	1	1	5.6045027	9	20	5.6479673	30	75.9683801	86.3311602	97	134	14.9371368	6	39	53.6491205	65	186	20.6237049	0	2	2.7925448	4	10	1.6488046	2.6713571	
Waluigi	0	20.093%	1	1	1	1	1	0	26	61	68.5668641	76	114	10.877142	6	36	50.5709451	61.6144416	206	20.5738194	0	1	2.0947096	3	10	1.3957006	3.0311054	
Wario	4	1.24%	8	16	17.3215477	19	20	2.536329	72	117	129.8032258	143	188	19.3640835	6	31.8	46.0056452	57	141	19.6718843	0	3	4.6629032	6	11	1.9697498	1.8991935	
Wario	3	6.156%	6	14	16.2583829	19	20	3.0825849	63	106.7653061	118.8388564	131	177	17.8794159	3	35	49.7495127	61.1875	188	20.5293881	0	3	4.2478882	5.9835165	12	1.9871142	2.0454841	
Wario	2	18.297%	4	11	14.3881213	18	20	3.9407695	39	93.2371278	104.5240203	115.8770479	161	16.2461622	0	34.8773593	49.478603	61.2377621	161	20.6476673	0	2	3.4994261	5	12	1.8644601	2.3767284	
Wario	1	33.243%	3	7	10.8366533	15	20	4.8580894	34	81	91.1399994	101	142	14.7567105	0	33	47.8215865	58.9686361	179	20.4491829	0	1.8563191	2.7618446	4	11	1.6844212	2.7230996	
Wario	0	41.064%	1	1	1	1	1	0	24	70.9058068	77.5949737	84	120	12.7924656	0	30.8955956	45.0173388	55.9329357	183	20.1047045	0	1	2.1204218	3	10	1.4867058	3.0433957	
Yoshi	4	3.241%	5	14	16.2457049	19	20	3.20873	60	109.5692042	123.1268127	136.4307958	183	19.6755924	5	33	47.4742363	58.0544983	152	19.4391756	0	3.8365052	4.8636223	6	11	1.9515673	1.7938908	
Yoshi	3	12.643%	3	12	14.6801813	18	20	3.9975543	50	96.8706522	109.638377	122.5672335	177	18.5786328	6	37	51.5604682	62.9419508	182	20.4309664	0	3	4.3069683	5.9430425	12	1.9079434	1.9837855	
Yoshi	2	25.001%	2	8	12.2395744	16.0509171	20	4.9152444	38	81	92.4434223	103.5614489	153	16.279144	4	37.6127567	52.3205472	63.7891787	182	20.7925898	0	2	3.4702612	5	11	1.7700283	2.3335067	
Yoshi	1	33.899%	1	2	7.5972133	12	20	5.7487176	32	67.3203268	77.3346116	87	137	13.9947539	6	37	51.9559279	63.3187581	178	20.615818	0	2	2.7019381	4	12	1.5595629	2.6954777	
Yoshi	0	25.216%	1	1	1	1	1	0	23	55	62.1710025	69	109	10.4427119	3	35.7654623	50.3857075	61.0572337	172	20.4713305	0	1	2.1449477	3	8	1.3636649	2.957527	
