Character	AllyCount	Frequency	Min Turn Gained	1st Quartile Turn Gained	Avg Turn Gained	3rd Quartile Turn Gained	Max Turn Gained	Turn Gained SD	Min Distance	1st Quartile Distance	Distance Avg	3rd Quartile Distance	Max Distance	Distance SD	Min Coins	1st Quartile Coins	Coin Avg	3rd Quartile Coins	Max Coins	Coin SD	Min Stars	1st Quartile Stars	Star Avg	3rd Quartile Stars	Max Stars	Stars SD	Average Place
Boo	0	19.46726%	1	1	1	1	1	0	14	69.9986841	78.8376577	87.9999893	132	13.2486997	0	30	44.9689735	56.0615684	214	20.5044365	0	1	2.1196275	3	11	1.4753338	3.0530542	
Boo	1	28.84232%	1	1	4.5616297	6	20	5.1126359	19	87.9994887	98.7641237	109.9984629	159	15.8474505	0	38	53.1967671	64.9993689	262	20.9719776	0	2	3.0458541	4	13	1.7598566	2.5599723	
Boo	2	28.68882%	2	6	10.732906	15	20	5.1150992	37	102.9921177	114.3791275	126.1233431	185	17.2266141	0	38.999231	53.8005321	65.4240873	223	20.7335684	0	2	3.8116688	5	15	1.9173732	2.2105796	
Boo	3	17.98408%	4	11	14.0725332	17.9993191	20	4.150765	48	118.0599362	131.215346	143.9991832	222	19.0665731	0	38.9995146	53.7712899	65.2544922	212	20.5901643	0	3	4.5331237	6	16	2.0187952	1.9149225	
Boo	4	5.01752%	5	14	15.9557539	19	20	3.3392203	57	129.3282315	142.7818364	156.1836348	220	19.7043607	0	34.7200736	48.4964006	59.1922452	184	19.5955542	0	3	4.8083914	6	15	2.0400506	1.8420056	
Diddy Kong	0	49.9283%	1	1	1	1	1	0	0	56	66.7072438	77	140	15.5797548	0	33	47.179797	57.807017	225	19.868839	0	1	2.243933	3	11	1.4007554	2.9206037	
Diddy Kong	1	29.73198%	2	6	10.8214321	15	20	5.2722019	14	70.9994127	83.0470355	94.6179986	158	17.0947999	0	37.9998177	52.9689654	64.4048816	222	20.7703938	0	2	3.1260952	4	13	1.6350437	2.4816679	
Diddy Kong	2	14.19734%	4	11	14.1614683	18	20	4.1519771	19	83.9989032	97.0202799	109.8552759	183	18.6286207	2	40.2352866	55.2363527	66.8884241	216	20.6908201	0	3	3.9804273	5	14	1.8221925	2.1059748	
Diddy Kong	3	5.14528%	5	14	15.9969035	19	20	3.2636167	28	98.340798	112.2480176	125.9768392	205	20.1329888	4	41.4396639	56.259053	67.9847763	209	20.6526833	0	3.9873854	4.8835438	6	15	1.9492171	1.7646775	
Diddy Kong	4	0.9971%	6	15.955978	17.1039734	19	20	2.6495771	47	109.0181758	123.7008324	137.8880831	210	20.7256634	3	38.2782823	52.5149534	63.1859965	193	19.7729752	0	4	5.3955872	7	14	1.9716893	1.6178317	
Bowser	0	38.60136%	1	1	1	1	1	0	11	76.9742483	90.800549	103.9806681	178	19.7016513	0	32	46.7522818	57.9965299	225	20.1729197	0	1	2.5346029	4	13	1.6800586	2.8825477	
Bowser	1	31.21184%	2	5	9.343264	13.1872686	20	5.2235807	11	90.9999068	105.8330486	120.2627265	203	21.3879955	0	36.9947227	51.7634494	63.3563376	220	20.7884238	0	2	3.2164262	4	14	1.8783882	2.5378151	
Bowser	2	19.78142%	3	10	13.3602455	17	20	4.358881	18	104.9979561	120.6744389	135.9996277	220	22.7472362	0	38	53.0808577	64.9452635	208	20.6780179	0	2	3.8803099	5	15	2.0111961	2.2352147	
Bowser	3	8.4763%	4	13	15.5704261	18.1940017	20	3.4594285	26	120.2763022	136.9501386	153.1998888	257	24.2349624	3	38.6073814	53.3635029	64.992456	195	20.6626257	0	3	4.5328197	6	15	2.1062205	1.9688921	
Bowser	4	1.92908%	5	15	16.7992628	19	20	2.8284935	48	130.9887426	147.9048666	164.7431903	247	24.6554399	0	34.1473776	48.4981649	59.5404114	207	19.7866519	0	3	4.7499326	6	15	2.1143968	1.912238	
Bowser Jr	0	18.27374%	1	1	1	1	1	0	23	59	67.9844651	76	137	12.8299792	6	42	56.634655	67.7081947	222	20.4423253	0	1	2.3968744	3	11	1.452955	2.8178993	
Bowser Jr	1	34.51842%	2	2	6.6447056	10	20	5.3717625	28	71	82.0452599	92.1841461	158	15.2914506	3	39.9996826	54.6525745	65.9979635	212	20.4874954	0	2	2.9621402	4	12	1.6367801	2.5602754	
Bowser Jr	2	28.081%	3	8	11.9911121	16	20	4.7532417	31	84.9993657	96.5434386	107.9781859	175	16.744314	3	39.7602256	54.2733742	65.52384	229	20.4605016	0	2	3.7279093	5	14	1.8215547	2.2128507	
Bowser Jr	3	15.06748%	4	12	14.7697497	18	20	3.8370267	42	99.9849673	112.3490166	124.9231456	201	18.3785631	3	38.4977951	53.1569619	64.5576153	208	20.4509431	0	3	4.5318301	6	15	1.94466	1.8881923	
Bowser Jr	4	4.05936%	5	14	16.2974247	19	20	3.1170486	49	109.9974157	122.9900822	135.9756958	216	18.9934405	0	34	48.136657	58.9566378	206	19.6312542	0	4	4.9741388	6	15	1.9595894	1.7510741	
Daisy	0	23.53532%	1	1	1	1	1	0	60	65	66.6066652	68	77	2.0904219	0	42.9980669	57.7949099	69.1869016	222	20.9208516	0	1	2.3270421	3	10	1.3813645	2.8339321	
Daisy	1	40.06968%	4	6	10.0263345	13	20	4.5921739	60	72	78.3410863	84.4663264	103	7.5834019	0	39.0305807	53.9738835	64.9995061	220	20.3362107	0	2	2.7094911	4	12	1.5236235	2.6762425	
Daisy	2	22.77982%	5	10	13.397437	17	20	4.3626723	60	83	90.5565224	97.9998723	127	10.6820602	0	37.5928295	52.1061	62.9990034	235	20.3443881	0	2	3.3666912	4	13	1.7032553	2.3763111	
Daisy	3	10.99944%	6	13	15.3718144	18	20	3.5269959	64	94.9141475	104.4786698	113.9992552	163	13.6684828	1	35.9998055	50.5421803	61.7316292	228	20.2725808	0	3	4.1715524	5	14	1.836141	2.0301379	
Daisy	4	2.61574%	8	15	16.7585471	19	20	2.8039435	73	105.1566746	115.8169849	126	166	14.5383357	0	32	46.0513583	56.1557679	175	19.2999101	0	3	4.6590257	6	14	1.8733951	1.865063	
Donkey Kong	0	50.82802%	1	1	1	1	1	0	0	50	63.1037644	80	170	20.8815764	0	34.9990999	49.6796928	60.9989099	215	20.8006807	0	2	2.7092257	4	13	1.5765757	2.687389	
Donkey Kong	1	25.49512%	2	5	8.9217668	12.5697446	20	5.0681366	20	65.9752488	81.8662528	97.821454	196	23.3018942	0	44.995154	61.1739078	73.9997209	228	22.8513292	0	2	3.3717496	4.5540981	13	1.7862209	2.3657374	
Donkey Kong	2	15.88306%	3	10	13.5428659	17	20	4.2019248	26	79.9965201	96.8366373	112.9907671	218	23.9926711	0	48.7076415	64.4495104	77.0212582	232	22.4833215	0	3	4.1676818	5	17	1.9432937	2.0318956	
Donkey Kong	3	6.36976%	4	13.9110931	15.8035284	18.9994192	20	3.3050345	33	95.9826718	113.4751074	130.2024607	225	25.1666147	3	49.8542556	65.4439351	77.9999079	220	22.2905369	0	4	5.066552	6	15	2.0517434	1.710168	
Donkey Kong	4	1.42404%	6	15	16.9815327	19	20	2.6958993	39	106.9623522	124.7168338	141.9889657	239	25.4667308	3	46	61.281523	73.3234404	192	21.4791979	0	4	5.554226	7	17	2.0632778	1.5764304	
Goomba	0	32.44362%	1	1	1	1	1	0	11	51	58.2781693	65.0144169	104	10.4377222	10	42	56.5839829	66.9979117	223	19.8665787	0	1	2.2078849	3	11	1.366634	2.888145	
Goomba	1	30.25108%	1	1.7595869	7.4354854	12	20	5.9571051	17	64	74.3459546	84	132	14.1179079	5	46.1992696	61.5384628	72.998956	228	21.019785	0	2	2.8922597	4	12	1.5831259	2.5508121	
Goomba	2	22.44996%	2	8	12.0207815	16	20	4.9744544	24	78.9961934	90.243612	101.848924	162	16.3152679	8	47.9999243	62.766339	74.2335378	231	20.9960527	0	2	3.7280449	5	13	1.783678	2.1740645	
Goomba	3	11.82594%	3	12	14.6343699	18	20	3.9912958	34	95.0423821	107.8583335	120.3970272	192	18.290176	7	48.2280294	63.327196	74.9956433	226	20.8977354	0	3	4.7208983	6	15	1.928704	1.7887982	
Goomba	4	3.0294%	5	14	16.2567107	19	20	3.195622	48	107.3199409	120.2157259	133	193	18.8188146	8	45	59.4112762	70.3583059	198	20.0718823	0	4	5.332726	7	14	1.9554713	1.6057305	
Dry Bones	0	26.04128%	1	1	1	1	1	0	25	64.9908772	70.216656	78.70738	115	10.857101	3	45	59.9269099	70.9964768	218	20.6074985	0	1	2.4995522	3	11	1.4686885	2.7413898	
Dry Bones	1	37.91532%	3	5	9.6957768	13.3309799	20	4.9256026	30	71	81.164946	90.4531222	143	13.7469191	1	40.9296819	55.2228735	66.0882926	208	20.4011108	0	2	2.9649319	4	12	1.6122608	2.5521441	
Dry Bones	2	24.45094%	4	10.6077468	13.7739359	17	20	4.1404638	32	83	94.5389412	105.2623255	168	15.7084606	3	39	53.5129553	64.5322499	205	20.183952	0	2	3.6366356	5	13	1.77196	2.2491961	
Dry Bones	3	9.5404%	5	13.8906559	15.8205161	19	20	3.3198603	41	96.7593498	108.7771582	120.9932694	185	17.3558924	3	37.6884072	52.0288478	62.9972382	206	20.1929244	0	3	4.4226385	6	15	1.8892794	1.9332586	
Dry Bones	4	2.05206%	6	15	16.9766347	19	20	2.7083575	53	107	119.4154557	132	187	18.1827874	3	33	46.9867743	57.1880468	187	19.3016481	0	3.928258	4.8456575	6	14	1.9208783	1.8043722	
Hammer Bro	0	15.19112%	1	1	1	1	1	0	14	47.3267553	53.9894702	60.9982972	96	9.6709138	9	45	59.6075905	69.9999129	247	20.1641359	0	1	2.142453	3	10	1.3402371	2.9078383	
Hammer Bro	1	29.31726%	1	1	4.2719847	7	20	5.3135663	17	63.9981541	74.760481	85.9998525	127	15.0617519	6	47.2549554	62.6121254	74.016397	253	21.1445853	0	2	2.8883825	4	12	1.583775	2.5483991	
Hammer Bro	2	30.31132%	3	6	10.5328815	15	20	5.1550139	19	81.2885115	92.2224186	103.9990366	156	16.3030758	6	47.9962795	62.622155	73.9998975	245	20.9817932	0	2.1085611	3.7406322	5	14	1.7820008	2.16163	
Hammer Bro	3	19.45704%	4	11	13.9777945	17.972322	20	4.1860566	32	98.7487507	110.2437935	122	186	17.6760874	3	47.1817154	62.3301006	73.9957332	228	20.9309828	0	3	4.7032837	6	14	1.9212943	1.7884529	
Hammer Bro	4	5.72326%	5	13.9824947	15.8208653	19	20	3.4138981	45	109.9714914	121.8332698	134	194	18.1472912	3	43	57.5099681	68.7459364	211	20.2045024	0	4	5.2470899	6.9029873	14	1.9400231	1.6248642	
Koopa	0	18.53834%	1	1	1	1	1	0	26	57.9996683	67.873637	76.9980066	142	13.8162482	4	41.999565	56.796423	67.9952283	220	20.5225516	0	1	2.5029069	3	11	1.4791543	2.7591478	
Koopa	1	36.0939%	2	3	7.6063405	11	20	5.2516951	28	69.9997199	80.9203489	91	174	15.7348582	0	39.9999827	54.803016	65.9975121	216	20.5149132	0	2	3.0099928	4	13	1.6456917	2.5392291	
Koopa	2	27.88462%	3	8.999984	12.5530654	16.0796071	20	4.566435	34	82.9948064	94.724839	105.9992862	188	17.0735663	0	39	53.840066	64.9975791	229	20.4460364	0	2	3.6938628	5	14	1.8177693	2.2373889	
Koopa	3	13.75562%	4	12	14.9518027	18	20	3.7695405	41	96.6138768	109.6110957	121.9968995	217	18.9172856	0	37.9999323	52.7026728	63.9933386	210	20.4581538	0	3	4.4799885	6	14	1.9386982	1.9204369	
Koopa	4	3.72752%	5	14.1912141	16.4104241	19	20	3.0385224	48	106.8885926	120.156694	132.9985209	215	19.5016627	0	33.9412167	47.6568013	57.998767	195	19.6084463	0	3.9919556	4.9037322	6	14	1.9632969	1.7903915	
Luigi	0	21.71482%	1	1	1	1	1	0	25	62	69.9382274	77.3897628	119	11.2286835	6	44	58.9642134	69.9960913	216	20.5246486	0	1	2.4790636	3	11	1.4649292	2.7599934	
Luigi	1	36.16616%	1	3.3422824	7.9894723	12	20	5.6365346	28	72.6217206	82.9665676	92.9998535	153	14.6377474	3	40.9999749	55.537545	66.9654368	226	20.4938724	0	2	3.0018017	4	13	1.630768	2.536553	
Luigi	2	26.38368%	2	8.9997666	12.5242097	16.9996179	20	4.8293337	31	85.996947	98.0070817	109.9929921	171	17.0854077	0	39.9986137	54.5190466	65.9193499	217	20.3699199	0	2	3.7576638	5	13	1.813566	2.1956611	
Luigi	3	12.61286%	3	12	14.9080694	18	20	3.9330323	43	101.2870974	115.1389423	128.6279098	200	19.5629331	0	38.9997477	53.6024645	64.9903792	206	20.4182731	0	3	4.613198	6	15	1.9391113	1.8581004	
Luigi	4	3.12248%	4	14	16.3253023	19	20	3.2048089	54	113.2841362	127.6307422	141.9465971	211	20.5787957	2	34.8329793	48.654563	59.293223	207	19.6541458	0	4	5.0800005	6	14	1.9737471	1.7193769	
Mario	0	20.67598%	1	1	1	1	1	0	38	65	69.9617992	75	104	7.1234791	2	43	57.929791	68.9982166	252	20.4905957	0	1	2.4534779	3	10	1.4304595	2.762597	
Mario	1	35.66744%	1	3	7.841891	12	20	5.5842775	40	75	83.434625	91.1401175	134	11.4654944	3	40.9303886	55.3202602	66.5663427	225	20.5082288	0	2	2.9816539	4	12	1.6079343	2.5339284	
Mario	2	26.23542%	2	8.1099786	12.3283826	16.1966717	20	4.867044	47	87.9999825	98.1879589	107.9998863	156	14.2872472	0	39	53.9957127	65.0110516	218	20.4660374	0	2	3.71787	5	13	1.7898256	2.2062044	
Mario	3	13.85928%	3	12	14.6448009	18	20	4.0354722	51	102.1282884	114.7800997	126.9491434	205	17.3181901	0	38.0193591	53.1164851	64.4902852	217	20.5422683	0	3	4.5799392	6	14	1.9192311	1.8632801	
Mario	4	3.56188%	5	14	16.2455172	19	20	3.2191579	58	114.7412281	127.4015071	139.9995624	192	18.1645856	0	34	48.3130257	58.9847426	181	19.6614903	0	4	5.04816	6	15	1.952175	1.7205128	
Monty Mole	0	24.12462%	1	1	1	1	1	0	22	59.9989253	65.8217688	72	104	8.921826	2	37	51.8428203	62.992031	217	20.3380592	0	1	2.2301914	3	10	1.3915961	2.9149665	
Monty Mole	1	32.83594%	1	2	7.1629867	11.1668547	20	5.750479	29	71.9998649	81.1192407	90	131	12.8644547	3	40	54.8708153	66.0139436	225	20.7200875	0	2	2.8762039	4	12	1.6061427	2.5963076	
Monty Mole	2	25.44042%	2	8	11.9514153	16	20	4.9425087	37	85.9999339	96.5800494	107	155	15.1728839	3	40	55.0013781	66.3929315	211	20.7264551	0	2	3.6848928	5	13	1.7996944	2.2275756	
Monty Mole	3	13.9721%	3	11.9473144	14.5078146	18	20	4.055853	41	101.3889779	113.5307076	125.7074138	198	17.5439318	1	40	55.0412622	66.6313998	198	20.7097503	0	3	4.5928128	6	15	1.9325451	1.8614854	
Monty Mole	4	3.62692%	5	14	16.1724634	19	20	3.2349653	55	113.3697416	125.924917	138	193	18.1575868	2	36.1720107	50.5944217	61.4733966	206	19.8754606	0	4	5.1113893	6	14	1.9531982	1.6990615	
Normal Dice	0	18.2386%	1	1	1	1	1	0	36	65	70.1350016	75	102	7.5982706	3	40.9991528	55.7099141	66.9982607	234	20.6079745	0	1	2.3802715	3	10	1.4290382	2.823402	
Normal Dice	1	34.25192%	1	2	6.8861923	10.9999674	20	5.5825447	39	76	84.7625902	93	136	11.8929344	0	39.999313	54.7047225	65.9996394	212	20.6385504	0	2	2.9767038	4	12	1.6245029	2.5459203	
Normal Dice	2	27.76096%	2	8	11.8703539	16	20	4.927137	44	89.9976477	99.8883835	109.9997121	159	14.3246264	0	38.9999072	53.7172821	64.9974649	215	20.5604291	0	2	3.7553817	5	13	1.8094327	2.197754	
Normal Dice	3	15.58872%	3	11.1678452	14.432245	18	20	4.0914159	53	104.9936186	116.4994445	127.9994439	194	16.9007706	0	38.0501393	53.0981222	64.5883293	215	20.6114748	0	3	4.6246299	6	14	1.9312577	1.850157	
Normal Dice	4	4.1598%	5	14	16.1256924	19	20	3.2672738	64	116.7175686	128.726833	140.991484	195	17.6040447	0	34	48.2556613	58.9878347	200	19.7307953	0	4	5.0931151	6	15	1.9582297	1.7089524	
Peach	0	33.2062%	1	1	1	1	1	0	24	60	65.6473357	72	108	8.5857493	0	34.7229997	49.2707482	60.2678765	209	20.5133841	0	1	2.108434	3	10	1.3698752	2.9931374	
Peach	1	35.90532%	3	6.3395128	10.5237576	14	20	4.7033017	24	70	77.8184782	85.9996257	130	11.3749556	0	34.9986679	49.4238247	60.4810233	208	20.3839292	0	1.7655984	2.6340414	4	12	1.5426746	2.7417257	
Peach	2	20.6696%	4	11	13.9055926	17	20	4.1696102	36	80.9969509	90.2195059	99.3799359	150	13.5347589	0	33.9999271	48.6901478	59.9968014	204	20.4105128	0	2	3.3072483	4	12	1.7262201	2.4266585	
Peach	3	8.45682%	5	13.998932	15.8335277	19	20	3.344435	44	93	104.3438574	114.9948709	180	15.7402714	0	33	47.7748752	58.9917904	188	20.3704244	0	3	4.0824305	5	14	1.8714495	2.089076	
Peach	4	1.76206%	6	15	17.0223402	19	20	2.6884657	51	104	115.9049408	127	187	16.8008513	0	29.952256	43.4911751	53.95696	185	19.3931364	0	3	4.5991964	6	14	1.912228	1.9084367	
Pom Pom	0	31.57452%	1	1	1	1	1	0	18	58	65.5836352	72.9981007	120	10.6313031	3	36.9968584	51.3090739	62.0304064	216	20.2404568	0	1	2.318503	3	12	1.4039257	2.8630757	
Pom Pom	1	36.42102%	3	6	10.2624657	14	20	4.8558921	27	68.1540342	77.8722337	86.9985458	144	13.3658614	2	37	51.6579838	62.7149744	211	20.207003	0	2	2.7820638	4	12	1.5715147	2.6522706	
Pom Pom	2	20.81146%	4	10	13.3381166	17	20	4.5000713	30	80	91.3035962	101.9951989	165	15.5441062	0	36	50.9530124	61.9964867	245	20.3301432	0	2	3.4441668	4.999991	13	1.7552312	2.3564469	
Pom Pom	3	9.08188%	5	13	15.4494577	18	20	3.5495504	39	93.9999837	106.6274494	118.7531881	190	17.8534866	3	35.6875928	50.084934	60.9974789	210	20.3055615	0	3	4.2387655	5	14	1.8985455	2.0206367	
Pom Pom	4	2.11112%	6	15	16.7854946	19	20	2.8208399	53	105.9989356	118.5273409	131	192	18.4768178	3	31.9508709	45.5844954	55.9559646	187	19.3501479	0	3	4.7278411	6	13	1.9357587	1.8586627	
Rosalina	0	35.9528%	1	1	1	1	1	0	8	46.9994852	55.3441757	63.1056805	125	12.2082977	6	41	55.61947	65.9983837	238	19.9739351	0	1	2.1283672	3	10	1.3615431	2.9494732	
Rosalina	1	32.96424%	2	4.9988803	9.3426985	13.90553	20	5.3638438	12	59	69.343997	79	146	14.6578243	8	44.9994312	59.9740604	70.9997304	238	20.7871404	0	2	2.7459629	4	12	1.5553995	2.6463756	
Rosalina	2	20.28978%	3	10	13.27796	17	20	4.4651011	20	71.8486242	83.0698795	93.9993447	161	16.3386957	8	45.9984494	60.9052538	72.1096922	225	20.8788125	0	2	3.4870679	5	13	1.7445408	2.3067998	
Rosalina	3	8.76638%	4	13	15.4277368	18	20	3.5883715	30	85.9908377	98.5174291	110.9988938	183	18.2590516	5	45.9994652	60.9483915	72.2135741	206	20.8274012	0	3	4.3665002	6	14	1.8986813	1.9461397	
Rosalina	4	2.0268%	5	15	16.7665232	19	20	2.8606914	34	96.983141	110.058585	122.9500844	184	18.949537	7	42.9836975	57.0472962	67.8842411	216	20.088177	0	4	4.9649201	6	14	1.9416094	1.752013	
Shy Guy	0	27.6957%	1	1	1	1	1	0	28	60	65.5196698	72	80	6.8657222	2	33	47.9336222	58.9976954	215	20.3811542	0	1	2.0441534	3	12	1.3550729	3.0224093	
Shy Guy	1	38.8525%	5	6	10.573736	14	20	4.5850283	28	71	78.0373263	85	109	10.0534665	1	33.9994964	48.5379201	59.8878128	208	20.4841776	0	1	2.5560368	3.8298585	11	1.512892	2.7771448	
Shy Guy	2	22.25714%	6	11	14.1177868	17.248495	20	3.9346911	35	81	89.6690428	98	131	12.0742207	0	33	47.8457286	58.9976292	216	20.4369493	0	2	3.1637722	4	13	1.6771481	2.4905455	
Shy Guy	3	9.36614%	7	14	16.0215639	19	20	3.1146009	51	93	102.7238713	112	160	13.6822739	0	32	46.6325487	57.903528	220	20.2914557	0	3	3.841384	5	13	1.7998874	2.1838175	
Shy Guy	4	1.82852%	8	16	17.2618682	19	20	2.4496408	55	103.4501122	113.296513	123	166	14.2521217	0	28.9519872	42.6223284	52.9746189	189	19.496858	0	3	4.3267342	5.9366999	13	1.8369894	2.0058955	
Waluigi	0	19.99962%	1	1	1	1	1	0	15	61	68.6148687	76	120	10.9423435	0	35.9999556	50.4578367	61.4648592	220	20.304174	0	1	2.0768915	3	10	1.3988928	3.0369317	
Waluigi	1	31.0093%	1	1	5.6088179	9	20	5.6607321	19	75.9995651	86.4057344	96.9998796	144	14.9360667	0	38.9660362	53.5082978	64.9984328	207	20.7265469	0	2	2.7739594	4	12	1.643481	2.6853396	
Waluigi	2	27.68052%	2	7	11.1333247	15.1401457	20	5.11724	29	91.7076773	102.9328481	114.5481639	177	16.6703508	1	38.9975601	53.5247344	64.9982046	210	20.5829438	0	2	3.5407485	5	14	1.8342099	2.3239607	
Waluigi	3	16.62362%	3	11	14.1329745	18	20	4.1912314	42	107.9929205	120.5185718	132.9998851	209	18.5472642	0	38.644322	53.2686178	64.9900749	205	20.5707554	0	3	4.3436833	6	14	1.9650687	1.9836353	
Waluigi	4	4.68694%	4	14	15.9635036	19	20	3.362115	48	119.9899156	132.7348846	145.9783751	206	18.9787813	0	34	48.1263767	58.9544004	211	19.602259	0	3	4.7152129	6	14	1.9903249	1.8715068	
Wario	0	40.82892%	1	1	1	1	1	0	12	70.5443447	77.6530606	84	120	12.8303848	0	30.4935842	45.0789	55.9994738	204	20.2333066	0	1	2.1260646	3	11	1.4854533	3.0421907	
Wario	1	33.23348%	3	7	10.8293764	14.9999103	20	4.858008	24	80.9982623	91.1281443	101	147	14.728522	0	33	47.8274228	58.9992461	203	20.4856949	0	1.9989948	2.7606221	4	12	1.6750289	2.724399	
Wario	2	18.54056%	4	11	14.3794954	18	20	3.9715397	35	93	104.4484169	115.5925333	171	16.314302	0	34.3820891	49.1349183	60.453459	195	20.458697	0	2	3.4737171	5	13	1.8538145	2.3846745	
Wario	3	6.17476%	5	14	16.2452008	19	20	3.1107396	44	106.16839	118.7702194	130.9787918	203	17.9258515	0	35	49.7411171	60.9952596	212	20.3863309	0	3	4.227008	5.6480483	14	1.9634294	2.0555617	
Wario	4	1.22228%	6	16	17.2466728	19	20	2.5610397	46	116.5442509	129.6016297	142.5770795	201	18.9757603	0	31.3156835	45.2083156	55.7287999	181	19.3939844	0	3	4.5496449	6	13	1.9892036	1.9556894	
Yoshi	0	25.02012%	1	1	1	1	1	0	17	55	62.372768	69	112	10.4524917	0	35.9969084	50.4857027	61.5405601	221	20.466207	0	1	2.1457699	3	11	1.3704158	2.9595126	
Yoshi	1	34.04434%	1	2	7.6262051	12	20	5.7554395	19	67	77.2185538	86.9979198	137	13.9965176	2	37	51.9760377	63.0179078	237	20.6614467	0	2	2.7186087	4	12	1.5654551	2.6862703	
Yoshi	2	24.81828%	2	8	12.2265625	16	20	4.9061108	26	80.9992569	92.502885	103.9243077	165	16.2510568	3	37.0945649	52.0763147	63.3754646	212	20.5897727	0	2	3.4690784	5	13	1.765749	2.3366784	
Yoshi	3	12.7988%	3	12	14.6735909	18	20	4.0163021	35	96.6496843	109.6011767	122.226636	194	18.7126789	0	37	51.8854189	63.1513394	211	20.5884869	0	3	4.3382348	6	14	1.9160243	1.9679001	
Yoshi	4	3.31846%	4	14	16.2494758	19	20	3.222603	45	108.9364297	122.2057581	135.6026744	203	19.4130058	2	33	47.4066826	57.9951023	187	19.6730314	0	3.5271747	4.8492614	6	14	1.944591	1.8002326	
