Character	AllyCount	Frequency	Min Turn Gained	1st Quartile Turn Gained	Avg Turn Gained	3rd Quartile Turn Gained	Max Turn Gained	Turn Gained SD	Min Distance	1st Quartile Distance	Distance Avg	3rd Quartile Distance	Max Distance	Distance SD	Min Coins	1st Quartile Coins	Coin Avg	3rd Quartile Coins	Max Coins	Coin SD	Min Stars	1st Quartile Stars	Star Avg	3rd Quartile Stars	Max Stars	Stars SD	Average Place
Boo	4	4.708%	5	14	15.96352	19	20	3.3590399	73	129	142.171198	155.884058	206	19.6418874	6	33.798419	46.5144435	56.5942029	145	18.4053067	0	3	4.7752761	6	12	1.9812332	1.8708581	
Boo	3	16.816%	4	11	14.1954098	18	20	4.1502184	60	118	130.6760228	143.0990054	193	18.9856833	0	38	51.9017602	63	144	19.5697685	0	3	4.494648	6	14	1.9714832	1.951118	
Boo	2	27.836%	2	6.6837544	10.9150729	15	20	5.0910351	47	102.0861111	113.9173732	125.9960227	174	17.241497	3	37	51.3453082	62.4772727	161	19.8622365	0	2	3.7455094	5	13	1.8772619	2.2737462	
Boo	1	29.34%	1	1	4.9014231	7.4581522	20	5.4198201	38	87.6021614	98.4078391	109.4744357	154	15.9167031	1	36	50.1951602	61.8606642	207	19.9752441	0	2	2.9929107	4	10	1.7395371	2.6276755	
Boo	0	21.3%	1	1	1	1	1	0	28	70	78.9280751	88	125	13.3452139	0	27.7814208	41.7794366	52.5502646	172	19.7118989	0	1	2.0638498	3	9	1.4449063	3.1279812	
Bowser	4	1.846%	6	15	16.8439898	19	20	2.8569847	82	132	149.6684724	167.03125	244	24.5861202	6	32	44.0476706	54	126	16.3949726	0	3	4.5763814	6	12	2.0495924	2.0249187	
Bowser	3	8.32%	4	13	15.5624631	18.2324617	20	3.4971369	54	120.9454545	136.8225962	153.0353535	216	23.9128077	3	36.226087	48.8103365	59.4975845	135	17.3961573	0	3	4.3516827	6	12	2.0165474	2.0605769	
Bowser	2	19.184%	3	10	13.3277002	17	20	4.4018355	44	105.0451128	120.8583194	136.3041018	205	23.001252	3	35.9324675	48.270955	58	141	17.8438599	0	2	3.7001668	5	13	1.9250359	2.3623853	
Bowser	1	31.708%	2	5	9.4707983	13.9656206	20	5.2806965	33	91.2822165	105.8189101	120.3217244	189	21.4313722	0	34.0859283	47.0040999	57.0911917	150	17.7479066	0	2	3.0756276	4	11	1.8258396	2.6560489	
Bowser	0	38.942%	1	1	1	1	1	0	16	77	90.7582045	103.9914977	166	19.6501312	0	30	42.1627035	51.9895329	154	17.1830851	0	1	2.4350573	3	10	1.6159042	2.986955	
Bowser Jr	4	3.958%	6	14	16.2879197	19	20	3.0686983	59	110	123.6255685	136	194	19.2149032	6	32.7160494	44.5411824	54.2932099	123	16.5162635	0	4	4.920667	6	13	1.9452518	1.7700859	
Bowser Jr	3	15.276%	4	12	14.7128002	18	20	3.8468491	55	100	112.4489395	124.9775112	179	18.3731919	3	36.1498724	48.463603	58.1408163	146	16.9782965	0	3	4.4160775	6	12	1.8911775	1.954962	
Bowser Jr	2	28.236%	3	8	11.9759006	16	20	4.7589292	39	85	96.506304	108	160	16.6286213	9	37	48.794376	58.4444444	134	16.7521495	0	2	3.6268593	5	12	1.7647903	2.2936677	
Bowser Jr	1	34.466%	2	2	6.6685462	10	20	5.3633005	31	71.0655926	82.0485696	92.4561076	138	15.3198975	6	37.0507246	49.2169674	58.6267781	139	16.7625886	0	2	2.884814	4	11	1.5950577	2.6578657	
Bowser Jr	0	18.064%	1	1	1	1	1	0	29	59	68.1437112	76.0893522	124	12.984326	12	39.5298132	51.12345	60.0438596	140	16.401197	0	1	2.3534101	3	10	1.4153059	2.9110939	
Daisy	4	2.486%	8	15	16.9275731	19	20	2.6641465	76	104.26	115.1005632	125	158	14.0061023	10	30.93	42.7369268	52	110	16.774952	0	3	4.6259051	6	10	1.8687948	1.9010459	
Daisy	3	10.848%	7	13	15.4276286	18	20	3.4484315	69	94.3061782	104.1395649	113.283908	153	13.3925676	4	35	47.5857301	58	157	18.1689473	0	3	4.1561578	5	12	1.7909111	2.0613938	
Daisy	2	22.87%	5	10	13.4511656	17	20	4.2821592	63	83	90.7536511	98	124	10.6468905	3	36	49.0289462	59.3595312	158	18.6091914	0	2	3.3776126	4	11	1.6773255	2.4158286	
Daisy	1	40.12%	4	6	10.0532991	13.0863002	20	4.6040589	59	72	78.4345464	85	103	7.6569098	6	37.0909635	50.5833998	60.9210756	185	18.707191	0	2	2.7644566	4	10	1.5228741	2.701346	
Daisy	0	23.676%	1	1	1	1	1	0	60	65	66.5849806	68	76	2.0754482	11	40.4540178	53.9638452	64.2660418	154	19.1207395	0	1	2.3869742	3	8	1.3776101	2.856986	
Diddy Kong	4	0.616%	8	16	17.4570637	20	20	2.4582861	70	108	120.0584416	135	175	19.476505	9	35	46.9350649	56	113	17.5945222	0	4	5.0649351	6	13	1.8852652	1.7564935	
Diddy Kong	3	3.77%	7	15	16.5827633	19	20	2.8974908	46	94.3703704	107.7161804	121.0154321	186	19.4205606	9	37.2777778	50.5251989	61.1080247	134	18.6105137	0	3	4.5570292	6	13	1.9053352	1.9352785	
Diddy Kong	2	12.418%	4	12	14.9781005	18	20	3.6688043	33	82.1865434	94.8914479	107	159	18.1410111	10	36.2292857	50.0950234	60.8378759	140	18.9071015	0	2	3.7147689	5	10	1.7437672	2.2462554	
Diddy Kong	1	29.192%	2	8	11.871554	16	20	4.7284858	25	70.6572854	82.3219375	94	144	16.8319809	5	34.9886111	48.3289942	58.9440053	159	18.9310278	0	2	3.0100713	4	9	1.5883051	2.5857769	
Diddy Kong	0	54.004%	1	1	1	1	1	0	14	56	67.0806977	77	119	15.5622892	2	30.0976636	43.2735723	53	150	18.2322276	0	1	2.2453892	3	9	1.3829949	2.9717428	
Donkey Kong	4	1.308%	7	15	16.7106227	19	20	2.8427269	55	109	128.0917431	147	213	27.2502419	14	48	62.7492355	75	134	20.9984299	0	4	5.616208	7	12	2.1045561	1.5657492	
Donkey Kong	3	5.846%	5	13	15.7011462	19	20	3.5146375	44	98.41	116.5289087	135	200	26.2249558	13	49	65.6859391	78.4177778	157	22.8624207	0	4	5.1775573	6.47	13	2.0204944	1.6958604	
Donkey Kong	2	14.458%	3	10	13.5756061	17	20	4.4085682	27	79.9897959	97.2857933	114.0387755	192	24.8330699	8	48.1674107	64.5744916	77.875	178	22.7211961	0	3	4.1763729	5	13	1.9610301	2.0467561	
Donkey Kong	1	24.87%	2	5	9.3578159	13	20	5.1923809	20	65.3331455	81.4340169	97	178	23.2096589	1	44.4522565	60.9740249	74.4831731	183	23.3100336	0	2	3.4238038	5	12	1.7951047	2.373462	
Donkey Kong	0	53.518%	1	1	1	1	1	0	0	50	62.1865541	80	150	20.5837714	1	34.9829919	50.0520573	61.797456	193	21.557712	0	2	2.8162487	4	11	1.5983228	2.6721103	
Dry Bones	4	2.134%	7	15	16.8002981	19	20	2.7672343	64	107.515625	119.9240862	132	185	18.3249552	9	31	43.6747891	54.671875	115	17.2945742	0	3.921875	4.7825679	6	13	1.9239417	1.8584817	
Dry Bones	3	10.064%	6	13.0787628	15.7525824	19	20	3.3114459	54	97.2142857	109.5580286	121	166	17.0852455	10	36	48.8942766	58.9642857	154	17.680883	0	3	4.3380366	6	12	1.8489244	1.9918521	
Dry Bones	2	25.206%	4	10	13.6808363	17	20	4.1057166	45	83.7344598	94.9039118	105.9090774	154	15.6761507	7	37.7954484	49.8061573	59.2819775	149	17.2311012	0	2	3.5519321	5	11	1.7129284	2.3288106	
Dry Bones	1	37.432%	3	5	9.4773638	13	20	4.8967405	33	71.1344665	81.3996046	90.9980603	142	13.778641	7	38.5092001	50.8429152	60.6533613	148	17.4769934	0	2	2.9064437	4	10	1.5586624	2.6368348	
Dry Bones	0	25.164%	1	1	1	1	1	0	35	65	70.1120649	75	110	10.6733333	9	42.9006816	55.3538388	65	167	17.8892785	0	1	2.4663805	3	9	1.4424607	2.8241138	
Goomba	4	3.028%	5	14	16.3081247	19	20	3.2553718	62	107	119.6651255	133.8163265	177	19.1856194	14	46	61.652576	74.244898	157	21.2610257	0	4	5.5568032	7	13	1.9538288	1.5594452	
Goomba	3	11.734%	4	12	14.6971955	18	20	3.9692667	46	95.0861006	107.744844	120.0188834	171	18.318811	19	49.7266865	66.0695415	79.2717122	190	22.9570917	0	4	4.9369354	6	12	1.9621728	1.7053008	
Goomba	2	23.006%	3	8	12.0144567	16	20	4.9679179	33	78.8940665	90.1450926	101.4846791	142	16.3033351	13	49	65.8166565	79.1665026	183	23.2113241	0	3	3.9445362	5	11	1.8208614	2.0809354	
Goomba	1	30.026%	1	2	7.4690681	12	20	5.9238907	26	64	74.1757144	84	121	14.2200182	15	47	64.2903484	77.6020439	206	23.0478079	0	2	3.1015786	4	11	1.6196294	2.4555385	
Goomba	0	32.206%	1	1	1	1	1	0	15	51	58.326523	65.1179138	97	10.4049509	15	43	59.3851456	71.48972	179	22.1197019	0	1	2.3844004	3	9	1.3940141	2.801093	
Hammer Bro	4	5.826%	5	14	15.7501914	19	20	3.3679833	62	110.9066667	122.2396155	134.55	180	17.9963641	12	41.5633333	53.6316512	63	137	17.7604667	0	4	5.2389289	6	12	1.9055726	1.6721593	
Hammer Bro	3	19.748%	4	11	13.9637131	17.4408759	20	4.1579171	40	98.7905478	110.289447	122.4713115	166	17.5905216	5	45.6014493	58.3076767	68.3759184	152	18.1240724	0	3	4.6722706	6	12	1.8592206	1.8222605	
Hammer Bro	2	30.632%	3	6	10.4682418	15	20	5.1527478	35	81.1702419	92.2752024	103.9886906	142	16.2418813	11	45.4212454	58.4889005	69	155	18.3018799	0	2.0117509	3.7159833	5	11	1.7492028	2.2117394	
Hammer Bro	1	29.33%	1	1	4.2802329	7	20	5.262161	19	63.9473244	74.6831913	86	123	14.989766	11	45	58.3666553	68.7702932	156	18.2551068	0	2	2.8842823	4	10	1.5509228	2.6017047	
Hammer Bro	0	14.464%	1	1	1	1	1	0	22	48	53.8461007	60	91	9.5067636	11	43	55.1443584	64.0042941	151	17.0907799	0	1	2.1704923	3	8	1.3405676	2.9383296	
Koopa	4	3.64%	6	15	16.50447	19	20	3.0213659	63	107	119.9071429	133	209	19.4399513	0	32.25	44.7598901	54	127	16.9901729	0	3.625	4.8153846	6	11	1.8869082	1.8384615	
Koopa	3	13.822%	4	12	15.0451266	18	20	3.7409566	53	96	109.4094921	122	195	18.8580021	8	36.9537815	49.8990016	60	159	18.9373974	0	3	4.4468239	6	12	1.9302783	1.9622341	
Koopa	2	27.982%	3	9	12.5922014	16	20	4.532474	44	83.0859788	94.8677007	106	165	16.8640821	8	38	51.0265885	61.473833	180	18.9480254	0	2	3.6825102	5	11	1.7865057	2.2738189	
Koopa	1	36.01%	2	3	7.585582	11	20	5.2284127	33	70	80.9256318	91.1074879	140	15.5981425	8	38.4348509	51.8536518	62.1375905	164	18.8124395	0	2	3.0136073	4	10	1.6184795	2.5761733	
Koopa	0	18.546%	1	1	1	1	1	0	31	58	67.7768791	76.3285398	137	13.6849019	12	40.2547619	53.669147	64	168	18.8717482	0	1	2.5065243	3	10	1.441922	2.8057802	
Luigi	4	3.162%	5	14	16.1496471	19	20	3.3000829	67	113.0918367	127.7944339	141.8061224	193	20.1061728	6	35	49.4155598	60.9030612	174	20.307316	0	4	5.1752056	6	12	2.0158242	1.7058824	
Luigi	3	12.734%	3	12	14.8724207	18	20	3.9698574	52	102	115.598398	129	192	19.4324615	6	40	55.5927438	68.075974	167	21.6860858	0	3	4.805874	6	12	1.9594628	1.8019475	
Luigi	2	26.692%	2	9	12.4692871	16.7481437	20	4.7877433	38	86.6982312	98.4045407	110	160	16.896	9	40.5764706	56.2127229	68.3906582	184	21.6424376	0	3	3.9446276	5	12	1.8258529	2.1170388	
Luigi	1	36.174%	1	3.8688302	7.884716	12	20	5.6097507	32	72.7300195	83.1828938	93.1245547	139	14.607235	10	41.0245119	57.0695527	69.1068783	179	21.7419901	0	2	3.1347929	4	12	1.6378508	2.4896887	
Luigi	0	21.238%	1	1	1	1	1	0	32	62	70.0135606	77.8370288	109	11.3061567	12	44.4798729	60.4851681	72.93283	189	21.9661375	0	2	2.6595725	4	9	1.4825588	2.6750165	
Mario	4	3.664%	6	14	16.2862644	19	20	3.1598065	70	115	127.2947598	139.7254902	176	18.0145627	6	32	44.8771834	54	138	17.5051983	0	4	4.9885371	6	13	1.9227379	1.7718341	
Mario	3	13.904%	4	12	14.7569444	18	20	4.0044669	61	102.4209184	114.7409379	126.6980519	180	17.2394396	8	36	49.1195339	59.3647959	150	17.9260069	0	3	4.4945339	6	12	1.8913144	1.9364212	
Mario	2	26.598%	2	8.092741	12.3475071	16.1761547	20	4.8574911	52	88	98.2044515	108	145	14.1448127	9	37.7591641	50.316114	60.0761072	139	17.8332061	0	2	3.7021581	5	12	1.7395936	2.2425746	
Mario	1	35.658%	1	3	7.7728753	12	20	5.5541308	46	75.2053818	83.6336306	92	124	11.4214411	7	38.6346801	51.3093275	61	172	17.9598787	0	2	2.9719558	4	10	1.5894087	2.5866846	
Mario	0	20.176%	1	1	1	1	1	0	40	65	69.9934576	75	97	7.0827468	12	40.7372735	53.2142149	63	150	17.6621189	0	1	2.4693695	3	8	1.4119174	2.8071967	
Monty Mole	4	3.694%	5	14	16.1653736	19	20	3.2709434	75	114	126.0216567	138	184	17.720093	8	36	51.0676773	62	150	20.5744589	0	4	5.2550081	7	12	1.9407704	1.6599892	
Monty Mole	3	14.112%	4	11.8649771	14.5254409	18	20	4.0825469	54	101.6373626	113.7437642	126	174	17.6121959	6	40.43	56.7577948	69.3849319	182	22.5084359	0	3	4.8003118	6	12	1.9628653	1.7901077	
Monty Mole	2	26.028%	3	8	11.9282749	16	20	4.9654703	46	86	96.6887198	107.6785714	150	15.2549312	11	40.7735344	56.5272783	68.8704819	177	21.9717882	0	3	3.8798986	5	12	1.8078786	2.1431535	
Monty Mole	1	32.492%	1	2	7.0944108	11	20	5.719905	39	72	81.2332266	90.4764543	126	12.9254753	7	40.6971917	56.2137141	67.9940675	171	21.6910815	0	2	3.0424104	4	10	1.6259124	2.5169272	
Monty Mole	0	23.674%	1	1	1	1	1	0	30	60	65.936048	72	97	8.8935611	4	37.5192308	53.3092844	65.8402961	191	21.5932444	0	1	2.3875137	3	9	1.4262731	2.8450621	
Normal Dice	4	4.08%	5	14	16.0136029	19	20	3.3329073	74	117	128.9495098	141	191	17.7010551	3	33.04	48.1936275	59	137	19.9210761	0	4	5.254902	6.55	12	1.9045162	1.6495098	
Normal Dice	3	16.064%	4	11.8258065	14.4567117	18	20	4.0948	56	105	116.7238546	128	176	16.8846623	7	38	53.122261	65	161	20.8967532	0	3	4.7348108	6	12	1.9464042	1.8300548	
Normal Dice	2	28.136%	3	8	11.84971	16	20	4.9230312	54	90	100.1180694	110	152	14.3433785	3	38.7412426	53.7140318	65.6283525	161	21.0365702	0	3	3.8820728	5	12	1.7926999	2.151905	
Normal Dice	1	33.962%	1	2	6.8296977	10.996076	20	5.5314052	42	76.5468057	84.9428184	93.1071429	124	11.7907114	6	39.8754242	54.6193982	66.2644757	171	20.843331	0	2	3.1002886	4	11	1.6312169	2.4987339	
Normal Dice	0	17.758%	1	1	1	1	1	0	46	65	70.3302174	75.8676658	98	7.5926963	12	40.5440228	55.4099561	66.6457447	163	20.9192392	0	1	2.4846266	3	9	1.4367175	2.7915306	
Peach	4	1.702%	8	16	17.206379	19	20	2.490243	63	103.4166667	114.2643948	124.1666667	165	15.7800507	3	29	43.7144536	54	156	20.8597694	0	3	4.5816686	6	12	1.8996796	1.93302	
Peach	3	9.22%	6	14	16.0364402	19	20	3.1594896	49	93	103.8765727	114.7312	155	15.0219851	5	32.2176	46.5422993	57.992	149	20.0526436	0	3	4.1260304	5	12	1.8338689	2.0969631	
Peach	2	21.966%	4	11	13.9908781	17	20	3.9331917	43	81.2202319	90.7288537	100	136	13.5100279	3	34	48.4080852	59.9580214	174	20.4163415	0	2	3.4153692	4.7589869	11	1.7288961	2.4027133	
Peach	1	36.04%	3	6	10.1901404	14	20	4.6815705	38	70.0109756	78.4164817	86.5542136	118	11.4405797	0	34	49.0037736	60.5495961	176	20.3955526	0	2	2.7208102	4	10	1.5471214	2.7227525	
Peach	0	31.072%	1	1	1	1	1	0	32	60	65.5880536	72	94	8.6385671	5	33.6123188	48.6040165	59.9185939	217	20.8791178	0	1	2.2045572	3	9	1.3938569	2.9692327	
Pom Pom	4	1.816%	7	16	17.1669659	19	20	2.5428014	62	104	115.8215859	127.4642857	170	17.2555008	6	31	44.0859031	54	124	18.6397951	0	3	4.7709251	6	10	1.9589264	1.8612335	
Pom Pom	3	8.426%	5	14	15.8547159	19	20	3.3284648	43	93	104.2095894	115.0827032	164	16.3503211	9	34.2466919	48.186328	59.2599244	142	19.1877474	0	3	4.2402089	5	11	1.8325918	2.0401139	
Pom Pom	2	20.362%	4	10.6817257	13.7883283	17	20	4.1577616	40	80	90.2449661	100.2605764	140	14.7636025	3	35.0997639	49.2511541	60	174	19.8259364	0	2	3.5204793	5	11	1.7392938	2.3531087	
Pom Pom	1	36.88%	3	7	10.6614012	14	20	4.6550072	32	68.4434159	77.5577007	86	133	13.0515177	6	36.0573123	50.1131779	60.9186598	153	19.4774757	0	2	2.8688178	4	10	1.5643755	2.6273861	
Pom Pom	0	32.516%	1	1	1	1	1	0	23	58.257785	65.9644483	73	111	10.5896621	6	35.5112279	49.7054373	60.5762317	158	19.6578188	0	1	2.4165949	3	9	1.4017063	2.849305	
Rosalina	4	2.08%	7	15	16.6834966	19	20	2.8346904	52	98	110.9769231	124	168	18.843828	11	42.375	55.4038462	66	160	19.2034749	0	4	4.9288462	6	11	1.9759941	1.8163462	
Rosalina	3	8.986%	4	13	15.4332189	18.721301	20	3.6039863	41	86	98.4798576	111	161	18.1812928	14	45.8469388	59.7965724	70.8028571	178	20.1204036	0	3	4.4124193	6	13	1.9012329	1.9443579	
Rosalina	2	20.854%	3	10	13.2973684	17	20	4.4449056	33	71	83.0882325	94.3752185	151	16.4506604	13	45.0799558	59.5978709	70.2765247	184	20.2252229	0	2	3.5400403	5	11	1.7417972	2.309485	
Rosalina	1	32.766%	2	5	9.2666419	13.0900493	20	5.315075	19	59	69.5247513	80	128	14.624995	16	44	58.5975707	69.8712315	186	20.1291044	0	2	2.8466093	4	11	1.5645685	2.6307148	
Rosalina	0	35.314%	1	1	1	1	1	0	17	47	55.3042419	63	113	12.2986188	8	40.3039582	54.158011	64.0622222	163	19.3120234	0	1	2.205924	3	9	1.3793693	2.9353797	
Shy Guy	4	1.662%	9	16	17.4375	19	20	2.4020623	73	103	111.2322503	120	150	13.1994865	6	28.6111111	45.1143201	57.8611111	137	22.4525208	0	3	4.4344164	6	11	1.7317644	1.9506619	
Shy Guy	3	9.03%	8	14	16.3078938	19	20	2.9323718	55	92	101.2239203	110	145	13.0733565	4	33	49.199557	61.484	170	22.510749	0	3	3.9986711	5	12	1.8368682	2.1277962	
Shy Guy	2	22.352%	6	11.6198223	14.4500061	18	20	3.7258134	47	81	89.1141732	97	123	11.6161246	4	33.8406871	50.1698282	62.9225865	181	22.4348769	0	2	3.3097709	4	11	1.6801712	2.4277917	
Shy Guy	1	40.176%	5	7	10.6903032	14	20	4.4440762	40	71.1778667	78.2055456	85.2018072	106	9.9364776	3	35	50.9841199	63.4505234	171	22.459025	0	2	2.7262545	4	10	1.5178428	2.6994225	
Shy Guy	0	26.78%	1	1	1	1	1	0	32	60	65.462584	72	80	6.8852797	6	33.905054	50.1398058	62.3216783	163	22.1936219	0	1	2.2022405	3	9	1.3922954	2.9574309	
Waluigi	4	4.686%	5	14	16.0364346	19	20	3.3403703	71	119.009058	132.494665	146	191	19.2928294	3	34.0271739	48.9282971	61	188	20.6088913	0	3.5948617	4.8804951	6	12	2.0132445	1.8288519	
Waluigi	3	16.584%	3	11	14.2028209	18	20	4.1634846	55	107.2232143	120.2286541	133	181	18.4610726	9	38.9842301	54.2531356	66.4927273	159	21.2777887	0	3	4.4522431	6	12	1.9659452	1.9458514	
Waluigi	2	27.89%	2	7	11.1853539	15.3172375	20	5.0824989	44	91.9894073	102.9563284	114.1475353	158	16.5596511	3	39	54.3743277	66.2363563	178	21.4417453	0	2	3.6850484	5	12	1.8408677	2.2616708	
Waluigi	1	30.964%	1	1	5.5538915	9	20	5.6131046	35	76.2073136	86.8980106	97.9247285	137	15.0288444	3	38.9754176	54.5511562	66.7322677	186	21.8035941	0	2	2.8750161	4	11	1.638163	2.6546958	
Waluigi	0	19.876%	1	1	1	1	1	0	25	61.0286738	68.6469108	76	111	10.9981978	6	36	51.2566915	63	180	21.0916556	0	1	2.1855504	3	8	1.4060733	3.0027168	
Wario	4	2.092%	6	15	16.7811783	19	20	2.8096207	69	120.65625	134.0191205	147.78125	197	19.6820234	3	31	45.1912046	56.09375	128	19.4726302	0	3	4.666348	6	12	2.0248352	1.9120459	
Wario	3	9.656%	5	13	15.679605	18.9362245	20	3.3750627	62	110.9115226	122.8904308	135.0478955	192	18.1143098	6	35.1131687	50.0588235	62.0239478	165	20.6120983	0	3	4.3798674	6	12	1.9858302	2.023198	
Wario	2	23.57%	4	10	13.3590804	17	20	4.2758398	53	96.4169226	107.9736954	119.8581081	165	16.7706834	3	35	49.6963089	61.2317352	164	20.2042521	0	2	3.6618583	5	12	1.868605	2.3005515	
Wario	1	32.73%	3	4	8.7374206	12	20	5.0105699	32	83	93.3959059	104	143	15.1954854	0	34	48.7742744	60.3807123	188	20.3043933	0	2	2.9047968	4	11	1.6965246	2.6735105	
Wario	0	31.952%	1	1	1	1	1	0	24	66	77.0310466	84	120	12.783864	2	30	44.4613796	55.1661485	165	19.8859451	0	1	2.1291938	3	10	1.4611336	3.0704181	
Yoshi	4	3.358%	5	14	16.2656461	19	20	3.2235673	54	109.3164062	122.0750447	134.453125	182	19.0469553	5	34	49.9029184	62.2265625	140	21.692298	0	4	5.0988684	6	13	1.9252852	1.710542	
Yoshi	3	12.778%	4	12	14.7074864	18	20	3.9777465	55	96	109.1743622	121.9979708	174	18.5692823	6	38	54.0527469	66.9436688	161	22.3713561	0	3	4.5033652	6	12	1.9288153	1.9065581	
Yoshi	2	25.264%	2	8	12.2318357	16.0808824	20	4.9036436	40	81	92.521216	104	152	16.3607901	4	39	55.4699177	68.7797988	203	23.0919023	0	2	3.6907853	5	12	1.801726	2.2395503	
Yoshi	1	34.198%	1	2	7.5443795	12	20	5.7006214	33	68	77.4726592	87	128	13.9295051	6	38	54.8867185	67.9169829	181	22.898142	0	2	2.922744	4	11	1.6044077	2.595298	
Yoshi	0	24.402%	1	1	1	1	1	0	25	55	62.3771822	69	104	10.4043416	7	36.7782508	53.3359561	65.9726891	172	22.8581467	0	1	2.3275961	3	9	1.4069389	2.8773051	
