Character	AllyCount	Frequency	Min Turn Gained	1st Quartile Turn Gained	Avg Turn Gained	3rd Quartile Turn Gained	Max Turn Gained	Turn Gained SD	Min Distance	1st Quartile Distance	Distance Avg	3rd Quartile Distance	Max Distance	Distance SD	Min Coins	1st Quartile Coins	Coin Avg	3rd Quartile Coins	Max Coins	Coin SD	Min Stars	1st Quartile Stars	Star Avg	3rd Quartile Stars	Max Stars	Stars SD	Average Place
Boo	0	66.094%	1	1	1	1	1	0	22	70	78.6905922	88	128	13.1588627	0	21	30.2722184	36	128	14.1587397	0	1	1.8039156	3	8	1.3026734	2.9312494	
Boo	4	0.696%	7	14	16.4942529	19	20	2.9356061	76	124	137.9942529	154	190	19.836399	6	24	35.795977	45	116	16.0477479	0	2	2.7413793	4	9	1.4726668	2.2126437	
Boo	3	2.306%	5	13	15.4217189	18	20	3.4819466	74	110.9	124.3139636	138	176	18.5188389	9	26	37.3330442	45	107	16.3650918	0	2	2.9332177	4	8	1.5199905	2.1682567	
Boo	2	9.628%	4	10	13.567696	17	20	4.3943354	53	99	110.7322393	123	171	17.782919	6	25	35.2976735	42.0943396	121	15.1174356	0	2	2.6990029	4	9	1.5463249	2.3209389	
Boo	1	21.276%	2	4	9.3716156	14	20	5.6442795	29	84.3456048	95.5774582	106.8807588	146	15.8666233	3	24	34.0904305	41.4995692	115	14.9918227	0	1	2.3669863	3	10	1.4818982	2.5660839	
Bowser	0	50.332%	1	1	1	1	1	0	23	76.9200451	90.5248748	103.8957118	165	19.7674712	0	19.4504469	28.9653103	35	113	14.2550043	0	1	1.8280617	3	9	1.3677497	2.9351903	
Bowser	4	1.414%	6	14	16.3239038	19	20	3.0900731	73	137	154.3154173	171.0625	236	25.9706248	6	21	31.8472419	37	99	14.7983858	0	2	2.7736917	4	8	1.57679	2.2772277	
Bowser	3	4.888%	5	12	14.842907	18	20	3.7524662	45	120.9444444	137.5756956	154.7777778	213	24.9579105	6	23	33.339198	40	118	15.3011746	0	1	2.6182488	4	8	1.5512028	2.3956628	
Bowser	2	14.864%	4	10	13.3336483	17	20	4.2594769	52	105	121.3720398	137.6160714	205	23.0883439	0	24.1173469	34.9681109	42	122	14.8680211	0	1	2.4425457	3	10	1.5190514	2.4868138	
Bowser	1	28.502%	3	7	10.8449303	14.9981217	20	4.755908	34	91	105.9608449	120.8221618	185	21.7317229	3	24	34.5502772	42	124	15.1290492	0	1	2.1799172	3	10	1.4843863	2.6709705	
Bowser Jr	0	48.302%	1	1	1	1	1	0	23	57	65.7855575	74.1634615	120	12.7031028	7	33	41.3666101	47	138	13.8409068	0	1	2.0378866	3	8	1.3340043	2.478034	
Bowser Jr	4	0.848%	7	15	16.6179245	19	20	3.004754	73	109	124.4363208	139	183	21.6469463	6	21	31.7830189	37	107	15.1168435	0	2	3.009434	4	9	1.5570611	2.0731132	
Bowser Jr	3	3.328%	5	13	15.3802682	18	20	3.6017016	59	93.0625	106.9344952	119	172	19.2299137	6	24	34.4579327	41.375	109	14.6128125	0	2	2.890625	4	10	1.5457941	2.1105769	
Bowser Jr	2	10.842%	3	11	14.1357038	18	20	4.1996505	41	82	93.3277993	104.4386324	161	16.8998073	6	27	36.1870504	42.0669643	119	14.7597893	0	2	2.7769784	4	9	1.5447197	2.1995942	
Bowser Jr	1	36.68%	2	6	10.5110449	15	20	5.08334	28	68.9862915	79.5886587	90	149	15.3443976	4	29	38.6672846	44.9931136	126	14.7787016	0	1	2.4588332	3	9	1.44518	2.3531625	
Daisy	0	47.742%	1	1	1	1	1	0	61	66	67.0769134	68.1304549	77	2.0793886	0	27	36.3314482	42.8541572	130	14.9888227	0	1	2.085585	3	9	1.3250889	2.5446776	
Daisy	4	0.446%	11	16	17.5650224	19	20	2.1332381	86	106	114.7982063	122	144	11.9917609	3	19	29.044843	34	101	16.2797229	0	2	2.9910314	4	8	1.6861106	2.1838565	
Daisy	3	2.798%	8	14	16.2034525	19	20	3.1223372	73	95	103.1901358	111.0208333	137	11.3187436	6	21	31.9421015	39	123	14.9308224	0	2	3.0142959	4	9	1.5329859	2.0993567	
Daisy	2	10.312%	6	12	14.6270286	18	20	3.8817184	67	86	92.0849496	99	123	9.3896638	3	25	35.6503103	42.7512755	118	15.3981205	0	2	2.8754849	4	9	1.5725327	2.2100465	
Daisy	1	38.702%	4	4	9.6958935	14	20	5.1099794	61	74	80.4396672	87	100	7.9336407	3	27	37.5565087	44.5408643	127	15.2223354	0	1	2.4397706	3	9	1.4323956	2.4376001	
Diddy Kong	0	51.912%	1	1	1	1	1	0	14	56	66.7316613	77	133	15.346431	3	22	30.574896	35.5578022	115	13.7269559	0	1	2.2411003	3	9	1.2628625	2.5578672	
Diddy Kong	4	1.2%	7	14	16.085	19	20	3.260538	56	117	131.8733333	148	188	22.9730412	13	30	39.9766667	46	103	14.8408037	0	2	3.0883333	4	9	1.6126161	1.9266667	
Diddy Kong	3	3.406%	5	12.0702479	15.1237516	18	20	3.6370107	57	103	117.023488	130.7421875	194	20.2609381	7	32.9804688	42.5085144	50	115	14.8438659	0	2	3.0722255	4	9	1.6252045	1.9483265	
Diddy Kong	2	13.068%	4	9	12.9202218	17	20	4.7123283	46	88	101.8520049	116.3156888	169	20.765065	5	29.9635344	40.4516376	48	129	15.7369339	0	2	2.6934496	4	9	1.5751251	2.1865626	
Diddy Kong	1	30.414%	2	3	9.9140326	16	20	6.4315927	29	73.8727513	85.5776945	98	154	18.2782429	5	24	35.8347472	44	130	16.0381641	0	1	2.2277241	3	10	1.4307723	2.4653778	
Donkey Kong	0	64.482%	1	1	1	1	1	0	0	50	61.1187618	78.5418343	150	21.10039	0	24	34.102075	40.9309698	125	15.2873463	0	1	1.7311498	2	9	1.2237582	2.7980832	
Donkey Kong	4	0.242%	10	17	17.8347107	20	20	2.2502419	86	119	138.2561983	157	213	26.2289755	12	27	36.0082645	42	81	13.3951366	0	2	2.7107438	3	8	1.6233728	2.2396694	
Donkey Kong	3	1.516%	7	15	16.6370876	19	20	2.9306025	74	102	119.292876	136	195	23.1024728	9	27.5555556	38.5725594	45	119	16.1260499	0	1	2.3680739	3	8	1.4746349	2.3245383	
Donkey Kong	2	10.264%	6	13	15.2853103	18	20	3.3958515	61	82.6533888	99.8345674	114.9285714	187	22.1687382	6	29.1403061	39.7844895	47	125	15.7733462	0	1	2.0442323	3	9	1.3677729	2.4787607	
Donkey Kong	1	23.496%	5	11	13.773467	17	20	3.6901018	50	65.5500733	81.2758767	94	190	19.8951176	6	30.909925	41.2117807	48.8245202	137	15.6948826	0	1	1.7412326	2.0607639	8	1.2638523	2.6972251	
Dry Bones	0	35.034%	1	1	1	1	1	0	25	60	68.0296284	75	110	11.1799381	6	31.2960808	39.528401	44	131	13.4681624	0	1	1.9847577	3	8	1.3092155	2.4391734	
Dry Bones	4	1.224%	7	14	16.1078431	19	20	3.14021	73	118.75	132.879085	147	184	19.7975477	4	26	37.6911765	46	119	16.5114652	0	2	3.3872549	4	9	1.6415861	1.8954248	
Dry Bones	3	4.186%	5	12.4920635	15.0972274	18	20	3.7270768	59	102	116.0974677	130	170	18.9981028	9	27.925	39.3272814	47.8775	117	15.8904036	0	2	3.3526039	4	12	1.6041302	1.881032	
Dry Bones	2	15.848%	4	9	12.788315	17	20	4.8771116	43	89	101.3152448	114	159	17.6175597	6	28.6173469	38.5506058	45.3320802	120	15.1161025	0	2	3.1866482	4	10	1.5702041	1.9709743	
Dry Bones	1	43.708%	2	4	8.9626574	13.4439207	20	5.6290794	35	74.9743151	85.0080534	95	137	14.9905778	6	29.9671993	39.1685733	45.0828113	134	14.7987521	0	2	2.7242152	4	9	1.4862298	2.2043104	
Goomba	0	61.008%	1	1	1	1	1	0	18	52	59.016883	66	101	10.3907911	12	33	41.8397587	47	129	14.164192	0	1	1.8297272	3	9	1.2850081	2.6426042	
Goomba	4	0.542%	8	15	16.5719557	19	20	2.934932	61	106	117.7785978	130	171	18.5082724	19	34	47.7343173	58	114	18.654053	0	2	3.4206642	5	9	1.5980203	1.8118081	
Goomba	3	2.476%	6	13	15.4857522	18	20	3.5058357	58	92	103.6752827	115.32	147	16.6889597	7	35	46.3602585	54.76	139	16.3426389	0	2	3.2802908	4	10	1.6136882	1.8731826	
Goomba	2	10.124%	4	10	13.6522599	17	20	4.3795435	39	78.1071429	89.3259581	100	146	15.3945488	8	36	46.2653102	53.9413265	133	15.7615372	0	2	2.9251284	4	9	1.5703334	2.0871197	
Goomba	1	25.85%	2	4	9.4985638	14	20	5.6149346	26	65	74.9365571	85	127	13.7868044	13	36	46.8629787	54.3593915	144	15.7835169	0	1	2.4664603	3	9	1.46887	2.3218569	
Hammer Bro	0	55.506%	1	1	1	1	1	0	19	50	56.8235146	64	92	10.039786	12	37.5536457	46.5394732	51.8793042	135	14.1395684	0	1	1.9391057	3	9	1.2810773	2.4866501	
Hammer Bro	4	0.502%	10	16	17.2390438	19	20	2.5418077	71	96	108.2111554	120	152	16.1521413	12	33	43.3944223	52	95	15.7838932	0	2	3.374502	4	9	1.6372127	1.9243028	
Hammer Bro	3	2.696%	6	13.127551	15.8505316	19	20	3.2603592	52	83	95.0237389	105	147	16.0187029	3	33	44.0311573	52	129	16.5510336	0	2	3.1001484	4	10	1.6377139	2.0029674	
Hammer Bro	2	10.632%	4	11	14.2352856	18	20	4.1157896	37	73.0841837	83.3066215	93	135	14.6469372	9	33.8078818	44.1954477	51	135	15.2825282	0	2	2.9524078	4	9	1.5702127	2.0686606	
Hammer Bro	1	30.664%	2	5	9.9194049	14	20	5.3463512	26	60.2650725	69.4709105	78.3843956	115	12.7901137	4	35	44.626011	51	126	14.7840785	0	1	2.5273285	3	11	1.4610686	2.2605009	
Koopa	0	52.02%	1	1	1	1	1	0	27	56.2436131	66.4261438	75.5780886	126	13.9235771	6	30	40.1444829	46	131	14.6476429	0	1	2.1084583	3	10	1.3601547	2.4839293	
Koopa	4	0.69%	8	15	16.7913043	19	20	2.863551	68	105	121.7043478	139	188	23.1844428	6	22	31.4318841	37	98	14.5582935	0	2	2.9971014	4	10	1.6409586	2.0811594	
Koopa	3	2.846%	5	13	15.5927602	19	20	3.5392744	50	94.4583333	108.116655	121.1805556	175	19.8567363	6	24	34.2241743	41	122	15.4854337	0	2	3.0302178	4	9	1.5891632	2.0695713	
Koopa	2	10.754%	3	10	13.7496151	17.8297194	20	4.3567481	40	80.3357781	92.8839502	105	163	17.996681	3	26.2710459	36.7353543	44	125	15.5933445	0	2	2.8569834	4	9	1.543554	2.1833736	
Koopa	1	33.69%	2	6	10.4503543	15	20	5.1267323	32	68	79.3974473	90	148	16.1621203	3	28	38.1036509	45	119	14.7780392	0	1	2.49065	3	9	1.4514152	2.3596319	
Luigi	0	41.978%	1	1	1	1	1	0	20	61	69.1854305	77	112	11.7202334	6	33	42.1369289	47.707856	128	14.0685018	0	1	2.0371623	3	8	1.3335341	2.4429463	
Luigi	4	0.886%	6	14	16.1376975	19	20	3.1774461	73	111	126.2799097	142	188	21.5227997	6	24	35.3724605	43	110	15.112486	0	2	3.2595937	4	10	1.6091911	1.9413093	
Luigi	3	3.184%	5	13	15.5872236	19	20	3.5492511	61	98.9591837	111.6463568	123	175	18.0683706	6	27	38.0678392	46	115	15.7509407	0	2	3.258794	4	9	1.6183187	1.9522613	
Luigi	2	13.35%	4	10.4933333	13.756946	18	20	4.4325595	46	87	98.108764	109.5691964	156	16.5972744	6	28	38.2127341	45	138	14.7851323	0	2	3.058427	4	9	1.5888758	2.037603	
Luigi	1	40.602%	2	5	9.8352004	14	20	5.363358	35	73.6002574	83.6317915	93.7733957	132	14.5156005	6	29.7983218	39.1492537	45	128	14.7901662	0	2	2.6083444	3.8967328	9	1.4716162	2.2510221	
Mario	0	46.3%	1	1	1	1	1	0	35	65	69.7441037	74.8241042	98	7.2063089	6	29	38.2385745	44.4307692	125	14.4073076	0	1	1.9356371	3	8	1.3148446	2.6087257	
Mario	4	0.968%	9	15	16.6528926	19	20	2.7165265	85	115	126.7210744	138	170	16.3257987	3	21	33.2210744	43	99	15.6016624	0	2	3.3202479	4	8	1.6092203	1.9194215	
Mario	3	3.87%	6	13	15.3207937	18	20	3.532467	69	102	112.8930233	124	153	15.4959836	3	24	35.1751938	42.5277778	109	15.7711608	0	2	3.2723514	4	9	1.6054608	1.9658915	
Mario	2	13.95%	4	9	12.9032361	17	20	4.6571745	52	90	99.5647312	109.7412281	142	14.1251474	6	26.0503827	36.8797133	44.1479592	120	15.3989809	0	2	2.9632975	4	11	1.5713658	2.1313262	
Mario	1	34.912%	2	3.9959697	8.5632775	13	20	5.4971839	44	77	85.4670027	94	127	11.7604094	6	27	37.8669225	44.8777873	130	15.1248582	0	1.4683794	2.5652498	3.5234234	9	1.4773279	2.3406852	
Monty Mole	0	52.302%	1	1	1	1	1	0	27	60	65.9740354	72	101	8.8218604	3	28.711811	38.1915797	44	130	14.6082702	0	1	1.9176705	3	8	1.3138186	2.6505679	
Monty Mole	4	0.742%	7	15	16.7008086	19	20	2.8979916	67	111	123.7816712	135	179	17.9470106	10	25	36.148248	44	99	14.5675161	0	2	3.4231806	5	8	1.7082018	1.8867925	
Monty Mole	3	3.24%	6	13	15.4736313	19	20	3.5974184	63	97	108.9067901	121	161	16.6075047	8	27	37.5746914	45	112	15.1723425	0	2	3.1141975	4	9	1.5904564	2.0154321	
Monty Mole	2	12.036%	4	10	13.3783244	17	20	4.5113261	44	84.9835165	95.1975739	105.7794643	142	15.0344574	4	28	39.0446992	47	122	15.6094373	0	2	2.9313725	4	9	1.5572949	2.1174809	
Monty Mole	1	31.68%	2	4	9.4636672	14	20	5.5628813	35	72	80.9890783	90	123	12.7646804	7	29.3252736	39.6183712	46.741581	133	15.065698	0	1	2.4893308	3	9	1.4858805	2.357702	
Normal Dice	0	47.342%	1	1	1	1	1	0	41	64.6969267	69.6404461	75	100	7.5648097	6	30.4394213	40.3508513	46.4530904	128	14.3632001	0	1	2.0255587	3	8	1.3341531	2.5367327	
Normal Dice	4	0.824%	8	15	16.7330097	19	20	2.8670505	72	114	126.0097087	137	181	17.0907033	6	23	34.4951456	42	104	17.2293911	0	2	3.3640777	4	9	1.6245898	1.9320388	
Normal Dice	3	3.496%	6	13	15.4907407	18.12	20	3.5180628	69	100	111.4559497	123	161	15.8484962	6	24.546875	35.6481693	43	115	15.7632771	0	2	3.1882151	4	9	1.6322475	2.0194508	
Normal Dice	2	13.042%	4	10	13.4020274	17	20	4.481771	58	87.9196429	97.9823647	108	145	14.3601184	3	27	36.9529213	44	117	15.259251	0	2	2.9952461	4	10	1.571037	2.1016715	
Normal Dice	1	35.296%	2	4	9.5396711	14	20	5.5059928	46	75.6080225	83.944413	92.1034804	123	11.8077502	6	28.8344828	38.5596668	45	126	15.0120667	0	1.0429048	2.5588169	3.5435897	10	1.4830362	2.3275159	
Peach	0	43.636%	1	1	1	1	1	0	28	60	66.0224585	72	96	8.428725	3	24	32.8384362	38.8019824	125	14.0446714	0	1	1.8315611	3	9	1.318268	2.7124393	
Peach	4	0.902%	9	15	16.8115299	19	20	2.814667	74	112	123.4035477	134	167	16.2918609	6	22	32.5964523	39	103	15.3390762	0	2	3.097561	4	8	1.6282616	2.1019956	
Peach	3	3.802%	6	13	15.565051	18.5289855	20	3.4703584	62	96.9074074	108.3408732	119.7623457	153	15.8375019	3	24	34.499737	41.0771605	117	15.7502745	0	2	3.0825881	4	9	1.5508281	2.0757496	
Peach	2	14.716%	4	10	13.438414	17	20	4.4048315	50	85	94.9980973	105	140	14.4311356	3	25	35.4230769	42.1383929	120	15.2825787	0	2	2.7957325	4	9	1.5413123	2.2072574	
Peach	1	36.944%	2	4	9.2942658	14	20	5.3958111	36	72	80.9548506	90	122	12.3427799	3	27	36.9277826	44	123	15.0975241	0	1	2.3555652	3	10	1.438027	2.4584236	
Pom Pom	0	46.2%	1	1	1	1	1	0	33	61	68.3280087	75.5809434	109	10.4491672	3	21	30.5730736	37	120	14.8131649	0	1	1.8568831	3	8	1.2726367	2.7351948	
Pom Pom	4	0.838%	8	15	16.8997613	19	20	2.5195133	72	107	117.398568	127	161	15.8026643	0	18	30.5417661	37	108	17.3818562	0	2	3.1145585	4	8	1.58942	2.1288783	
Pom Pom	3	3.528%	6	14	15.9395328	19	20	3.2191322	49	92.84375	103.3956916	114	146	14.7404185	0	20	31.1099773	39.1875	102	15.2759698	0	2	2.9756236	4	8	1.5732226	2.1411565	
Pom Pom	2	12.29%	5	11	14.0493516	18	20	4.0579484	42	83	92.4009764	101.3702168	152	13.772285	4	24	34.3550854	42	118	15.58589	0	2	2.7383238	4	9	1.5195619	2.260537	
Pom Pom	1	37.144%	3	5	8.9553903	13	20	5.0451437	36	71.9935065	80.3106289	89	129	12.4860443	0	24	34.2195779	41	130	14.8709876	0	1	2.3218286	3	9	1.4214184	2.5158841	
Rosalina	0	68.038%	1	1	1	1	1	0	9	48	56.2982451	64.3921454	107	12.2893479	10	34	42.7482583	48	129	14.0583249	0	1	1.9208971	3	8	1.301424	2.5780887	
Rosalina	4	0.328%	9	16	17.304878	19	20	2.4874761	57	95	107.402439	121	162	18.2759069	18	31	44.152439	52	99	18.3547676	0	2	2.8780488	4	7	1.5451754	2.1158537	
Rosalina	3	1.406%	6	14	16.1926182	19	20	3.2349078	47	81	93.5462304	105.3125	150	18.4655401	12	33	45.0099573	52	122	16.8839622	0	2	3.0682788	4	9	1.5553892	2.0241821	
Rosalina	2	7.042%	5	12	14.9286691	18	20	3.7611782	31	69.954955	80.6909969	91	139	15.7501239	12	35.9587087	45.6992332	52.4054054	124	15.1966424	0	2	2.776768	4	8	1.5296501	2.1556376	
Rosalina	1	23.186%	3	7.0469118	11.5786246	16	20	4.8525886	20	58.2434717	68.5221254	78	127	14.5882105	11	35	45.6116622	52.6963635	129	15.3923127	0	1	2.4500992	3	10	1.437846	2.332097	
Shy Guy	0	77.444%	1	1	1	1	1	0	32	61.8520453	66.3488456	72	80	6.7085231	6	24	32.2784464	38	120	14.2558667	0	1	1.8521771	3	10	1.2769876	2.7075048	
Shy Guy	4	0.118%	16	18	18.6271186	20	20	1.2058938	83	96	103.9322034	112	123	9.6776247	12	20	30.779661	40	85	15.0266067	0	2	3.0677966	4	7	1.59304	1.9661017	
Shy Guy	3	0.938%	13	16	17.4640152	19	20	1.9439671	64	89	96.1321962	104	123	10.4949784	6	21	31.3240938	39	92	14.3742795	0	2	2.869936	4	7	1.4418849	2.1471215	
Shy Guy	2	5.876%	11	13	15.5196192	18	20	2.7297577	55	80.2133333	87.5806671	95	114	10.1507927	6	23	33.2920354	39.8133333	106	15.1927645	0	2	2.8080327	4	9	1.5567034	2.2528931	
Shy Guy	1	15.624%	8	10	12.7463203	16	20	3.8186551	43	71	77.2547363	84	101	9.0066474	9	27	37.4447005	44.9285714	117	15.1773064	0	2	2.6738351	4	8	1.4019833	2.2980031	
Waluigi	0	61.01%	1	1	1	1	1	0	28	62.2536998	69.8123258	77	110	10.9771597	3	26	35.6951975	41.9918605	128	14.6280284	0	1	1.8062285	3	9	1.2851658	2.8226848	
Waluigi	4	0.55%	7	15	16.3781818	19	20	2.8519015	78	113	124.6690909	137	177	17.973201	3	21	31.4545455	38	96	14.9668946	0	2	2.9418182	4	8	1.5527911	2.1454545	
Waluigi	3	2.41%	5	14	15.8959459	19	20	3.3133611	64	96.76	108.1153527	120	160	16.5612397	6	24	34.9834025	42.04	121	15.6899859	0	2	2.9385892	4	8	1.5845351	2.1609959	
Waluigi	2	9.65%	4	11	14.0112609	18	20	4.2024161	48	85.0781893	96.2449741	107	156	15.675587	3	24	34.7896373	42.0330189	108	14.9093251	0	2	2.6389637	4	11	1.514221	2.3570984	
Waluigi	1	26.38%	2	6	10.4629392	15	20	5.3002537	36	73.4492174	82.6902957	92	130	13.5484413	3	25.3865694	35.473768	42	124	14.8513749	0	1	2.2817286	3	9	1.4397976	2.5818802	
Wario	0	9.29%	1	1	1	1	1	0	18	66	77.1125942	84	114	13.0022944	0	6	21.8600646	32.5022624	106	17.9929483	0	1	1.7246502	2.6059578	8	1.2820553	2.9074273	
Wario	4	3.13%	6	13	15.6600639	19	20	3.3695834	73	128	141.9904153	155.8469388	214	19.9371033	3	27.3520408	41.1507987	52	121	18.2993289	0	2	3.1028754	4	8	1.5673255	2.0645367	
Wario	3	8.668%	5	12	14.5639939	18	20	3.8040804	58	114.9888992	127.1988925	139.9895833	182	18.3380963	0	26.9666975	38.2065067	47	120	16.5411778	0	2	3.0706045	4	9	1.5826991	2.0865251	
Wario	2	29.718%	4	8	11.7071491	15.9357143	20	4.6069145	47	104	114.6873948	126.2882593	171	16.7718365	0	25	36.1182448	44	119	15.9585219	0	2	2.8756309	4	10	1.5515497	2.2060031	
Wario	1	49.194%	2	2	5.2319259	6.0392021	20	3.9401972	32	91	101.0748465	112	149	15.4359205	0	24	34.9586128	43	121	15.81965	0	1	2.4212302	3	10	1.4912387	2.4544863	
Yoshi	0	62.308%	1	1	1	1	1	0	27	56	62.9828593	70	107	10.46907	3	24	34.2454259	40	123	14.5221831	0	1	1.8583809	3	10	1.2861599	2.711594	
Yoshi	4	0.602%	9	15	16.7906977	19	20	2.7484903	67	105	117.4152824	130	164	18.2553947	3	23	32.1495017	39	94	14.171502	0	2	3.0996678	4	9	1.6108127	2.0797342	
Yoshi	3	2.242%	6	14	15.7594937	19	20	3.2880625	59	91	102.3809099	114.91	157	17.0545735	3	24	34.8108831	41.94	98	16.1586665	0	2	2.9598573	4	9	1.5614655	2.0802855	
Yoshi	2	9.164%	4	11	13.9282145	18	20	4.2345471	38	79	89.9973811	100.88	145	15.5869589	6	24.3744	35.1027935	42	120	15.2356908	0	2	2.6706678	4	9	1.5112006	2.2976866	
Yoshi	1	25.684%	2	6	10.3783296	15	20	5.3217127	26	67	76.226133	85	131	13.4412184	3	25.3377519	35.5498365	42.3294808	125	15.0104791	0	1	2.334138	3	10	1.4227558	2.4852048	
