Character	AllyCount	Frequency	Min Turn Gained	1st Quartile Turn Gained	Avg Turn Gained	3rd Quartile Turn Gained	Max Turn Gained	Turn Gained SD	Min Distance	1st Quartile Distance	Distance Avg	3rd Quartile Distance	Max Distance	Distance SD	Min Coins	1st Quartile Coins	Coin Avg	3rd Quartile Coins	Max Coins	Coin SD	Min Stars	1st Quartile Stars	Star Avg	3rd Quartile Stars	Max Stars	Stars SD	Average Place
Diddy Kong	0	41.0674%	1	1	1	1	1	0	7	56	67.0128715	77	133	15.7880399	2	19.7778605	28.7278669	33.994682	119	13.7646261	0	1	2.1858944	3	10	1.2542631	2.5763842	
Diddy Kong	1	38.3184%	2	8	11.2813553	14	20	4.2650617	17	70.9808732	83.0994353	95.8003889	156	18.2683706	3	24.0755285	36.0078083	43.9996586	138	16.4936504	0	1	2.070885	3	10	1.3952796	2.4874577	
Diddy Kong	2	16.282%	4	12	14.8889988	18	20	3.5080425	40	81	94.4725832	107.9346338	170	19.4575318	3	27.6186869	38.8409163	46.9510325	152	16.279758	0	1	2.3863653	3	11	1.4897812	2.2560128	
Diddy Kong	3	3.4082%	5	14.7857603	16.4545958	19	20	2.900522	55	93.626009	107.2172408	120.9547929	182	19.9445975	5	30	41.9439	50.7724308	128	16.8995978	0	2	2.7287718	4	11	1.5508588	2.0511707	
Diddy Kong	4	0.924%	6	15.7364706	17.0950216	19	20	2.6000036	67	106	121.2854978	136.22	197	21.5304899	5	27.8792157	40.0645022	49.4384	127	17.090115	0	2	2.7645022	4	9	1.5614248	2.0294372	
Bowser Jr	0	50.5762%	1	1	1	1	1	0	20	57	65.8687565	74.0723633	128	12.7463043	0	33	41.6577639	47	137	14.0067512	0	1	1.742974	2.9439407	10	1.285581	2.569592	
Bowser Jr	1	35.6346%	2	6.9987653	10.9738183	15	20	4.9460071	23	68.3815294	79.0805846	89	153	15.0942435	0	29	38.775617	44.9979395	140	14.9722446	0	1	2.251166	3	11	1.4095886	2.4128572	
Bowser Jr	2	10.0726%	3	11	14.3535376	18	20	4.1043582	38	80	92.057026	103	159	16.8581333	2	26.6323587	36.1028533	42.521392	126	14.7317166	0	1.9874783	2.6172786	4	9	1.501411	2.2070766	
Bowser Jr	3	2.9686%	5	13	15.6039929	18.9818022	20	3.4775344	47	91.9029058	105.2021155	118	180	19.0755627	0	24	33.6653641	40	115	14.8461781	0	2	2.7781446	4	11	1.5253352	2.1125783	
Bowser Jr	4	0.748%	6	15	16.8224599	19	20	2.7464179	61	107	121.3951872	135.55	208	20.4487092	3	21	31.4270053	37.38	113	14.6867203	0	2	2.8860963	4	9	1.5772003	2.0644385	
Donkey Kong	0	73.48%	1	1	1	1	1	0	0	50	63.4055253	80	160	21.3803809	0	25	35.1374633	41.9869284	134	15.2004673	0	1	1.5377246	2	11	1.2092921	2.7840174	
Donkey Kong	1	17.95%	5	11	14.0068477	17	20	3.6303707	50	64.1434707	80.2189526	92.9915527	187	20.0151047	3	32.5641421	43.3201114	51	146	15.9898349	0	1	1.8688468	3	9	1.2095129	2.540468	
Donkey Kong	2	7.2228%	6	13	15.3303384	18	20	3.3159881	60	81.958153	98.3338594	112.7863436	200	21.8749154	3	30.927352	41.2277787	48.2047619	139	15.6617627	0	1	2.1964335	3	9	1.346619	2.3385945	
Donkey Kong	3	1.1962%	7	15	16.8286817	19	20	2.7077103	72	99.3151042	116.6171209	131.9223485	224	22.8401876	6	30	40.4880455	48	124	15.8560676	0	1.1753827	2.4734994	3	9	1.402523	2.1640194	
Donkey Kong	4	0.151%	10	17	17.8834437	20	20	2.0950092	85	118.0555556	135.3960265	150.1666667	219	23.1408755	8	28	38.589404	46	118	15.2947515	0	2	2.5417219	3	8	1.3931886	2.0887417	
Bowser	0	51.288%	1	1	1	1	1	0	4	76.9984453	90.8509983	103.9965902	176	19.8503661	0	20.0487688	29.8098464	35.9966549	128	14.3884189	0	1	1.7490602	2.9995378	10	1.3378143	2.8983388	
Bowser	1	27.9074%	3	7	10.7776482	14.9948743	20	4.820434	15	91.3747662	106.2524277	120.9732214	193	21.6059834	0	24.9949833	35.5377212	42.9983246	137	15.4011072	0	1	2.1387732	3	11	1.4501291	2.6113074	
Bowser	2	14.5174%	4	10	13.2922334	17	20	4.2799197	26	105.2334413	121.365644	136.9985133	212	23.1238615	3	25.9896279	35.8847039	42.9264264	134	15.1571696	0	1	2.4260818	3	10	1.4903501	2.3916679	
Bowser	3	4.814%	5	12	14.9119481	18	20	3.777635	48	119.9803157	136.8567511	153.8111092	239	24.6593325	0	24	34.1746572	40.9514594	130	14.860095	0	1.2188679	2.5861238	4	10	1.500048	2.2953054	
Bowser	4	1.4732%	6	14	16.1744502	19	20	3.140973	79	137.4700295	155.3828401	172.8927875	259	25.6565919	3	22.1810865	31.8218843	37.9028853	120	14.2615131	0	1.8961039	2.6019549	4	9	1.4997933	2.2868585	
Daisy	0	45.174%	1	1	1	1	1	0	60	65.9968574	67.0227432	68	77	2.0881069	0	25.6170052	35.5622172	41.9991996	135	15.0782204	0	1	2.033869	3	9	1.3198877	2.4765972	
Daisy	1	39.7762%	4	4	9.1196987	13	20	5.1849777	60	74	81.2434421	88	101	8.2737126	0	27	37.9177599	44.9978973	137	15.4938837	0	1	2.4177272	3	10	1.4284631	2.3522207	
Daisy	2	11.1464%	6	11	14.3435394	18	20	3.9365392	64	87.2095567	93.4486292	100	123	9.4042828	3	25.9858698	36.4995873	44	130	15.4932184	0	2	2.8756908	4	10	1.5301861	2.1104751	
Daisy	3	3.3352%	8	14	16.0837219	19	20	3.1257828	71	96	104.0612857	111.9696402	140	10.983648	3	22	32.2734469	39	117	15.0752154	0	2	2.9593428	4	10	1.5623761	2.0575678	
Daisy	4	0.5682%	10	16	17.3474129	19	20	2.3180803	80	108.2028061	117.0654699	125.2438424	150	11.4095902	0	20.2704082	30.1158043	36.4876847	104	14.2980653	0	2	3.0872932	4	9	1.5636615	1.9894403	
Boo	0	68.884%	1	1	1	1	1	0	17	70	79.0726613	88	132	13.155573	0	21	30.1437518	36	126	14.2028435	0	1	1.7417543	2.4558921	10	1.2736963	2.8930318	
Boo	1	20.423%	2	6	10.2985667	15	20	5.3241539	27	83.9818951	94.3638251	104.9899468	152	15.429911	0	23	33.4768839	40.972806	138	15.0957356	0	1	2.2999168	3	10	1.4532919	2.5273466	
Boo	2	8.2186%	4	11	14.0455251	17.9823045	20	4.1340966	41	96	107.8177305	119.5028497	166	16.9754768	3	24	34.370209	41.6235486	144	15.1043233	0	1.9192981	2.6354367	4	11	1.5336766	2.2970092	
Boo	3	1.9082%	5	14	15.8455383	19	20	3.3213958	57	107.6336336	120.0772456	132.5525162	190	18.2150164	3	24	35.5393565	43.0404255	118	15.5904724	0	2	2.8495965	4	9	1.5575859	2.1447437	
Boo	4	0.5662%	6	15	16.7269516	19	20	2.8190409	67	120.8839286	134.6856235	148.7589286	200	19.790337	3	24	35.7961851	44.1109694	121	16.7632695	0	2	2.9364182	4	11	1.5664438	2.1151537	
Dry Bones	0	35.467%	1	1	1	1	1	0	20	60	67.9363916	75	115	11.1076119	3	31.1623814	39.5526489	44.057154	131	13.4591199	0	1	1.6074097	2	10	1.2679075	2.5787521	
Dry Bones	1	43.0924%	2	3	8.6681574	13	20	5.6280928	27	74.9892177	85.5765425	96	146	15.1503738	0	29.7547619	39.2248703	45.5736822	136	14.9025299	0	1	2.4887637	3	11	1.473016	2.2685392	
Dry Bones	2	15.9798%	4	9	12.7288322	17	20	4.867615	39	89	101.5684677	114	161	17.4780498	3	28	38.6790698	45.9753387	135	15.4103984	0	2	2.9953316	4	10	1.5544988	2.0048061	
Dry Bones	3	4.2056%	5	12	14.9904776	18	20	3.7591744	49	104	116.851674	130.0837377	182	18.8581985	3	28.4251761	39.5468899	47.1366195	139	16.0652985	0	2	3.2519498	4	10	1.6078791	1.8598535	
Dry Bones	4	1.2552%	6	14	16.1365519	19	20	3.2265227	71	117.945993	132.000956	147	204	20.1842059	0	26	38.5395156	48	126	17.2578355	0	2	3.332696	4	10	1.5946518	1.8100701	
Goomba	0	62.9566%	1	1	1	1	1	0	11	52	59.0556161	66	102	10.3232111	9	33	42.260014	47	140	14.0244201	0	1	1.6963495	2	8	1.2473941	2.6293256	
Goomba	1	24.4896%	2	5	9.9063315	14.9974044	20	5.5136543	22	64.9745558	74.2839001	83.9958395	128	13.6708772	9	36	46.6422155	53.9840793	145	15.5496804	0	1	2.3525987	3	9	1.41898	2.3126388	
Goomba	2	9.761%	4	10	13.7181252	17.4621331	20	4.33801	35	77.9870305	88.8040979	99.8446341	146	15.5378576	6	36	46.4816515	53.9071069	142	15.6687138	0	2	2.8322918	4	11	1.5469718	2.0513882	
Goomba	3	2.2694%	5	13	15.6677886	19	20	3.4096543	45	90.4850352	102.6907553	114.4753521	159	16.8681214	10	35	46.1626862	54	135	16.0613021	0	2	3.1848066	4	10	1.6098057	1.8706266	
Goomba	4	0.5234%	7	15	16.8215514	19	20	2.7366702	61	104	116.8097058	129.0621302	173	17.9864428	11	33.9423077	45.5185327	54.5414201	132	16.5832893	0	2	3.3183034	4	9	1.634769	1.7776079	
Hammer Bro	0	54.2654%	1	1	1	1	1	0	16	49.7061772	56.2956396	63	100	9.9010641	9	39	47.3707851	52	142	14.006068	0	1	1.7252946	2	9	1.2413181	2.5149617	
Hammer Bro	1	30.9074%	2	5	9.6787378	14	20	5.3426072	21	60.6957673	70.1369316	79.5468307	123	13.4186739	9	36	45.6347994	51.9950759	146	15.0493575	0	1	2.3565619	3	10	1.4209574	2.2888693	
Hammer Bro	2	11.2276%	4	11	14.0184391	17.977679	20	4.1390655	33	74	84.7050839	95.0110174	140	15.0317828	6	34.9722906	45.1231608	52	150	15.547861	0	2	2.8125156	4	10	1.5432287	2.0682782	
Hammer Bro	3	3.0104%	7	13	15.6495166	18.3414352	20	3.3432644	45	85.549761	97.3601515	109	155	16.5998069	6	33	44.3318496	51.8777925	136	15.7863287	0	2	3.0017938	4	10	1.5872815	1.9532288	
Hammer Bro	4	0.5892%	8	15	16.9046164	19	20	2.6870106	55	100	112.2668024	125	169	17.4125328	9	32	43.2688391	51.1422222	127	16.4365418	0	2	3.2053632	4	9	1.610256	1.8625255	
Koopa	0	54.0064%	1	1	1	1	1	0	26	56.1392531	66.4369297	75	138	13.9345763	3	31.8753371	40.9325006	46.9925721	141	14.5602758	0	1	1.8923868	3	10	1.3067364	2.5177016	
Koopa	1	32.7242%	2	6.1334009	10.9231023	15	20	4.9943213	29	67.6298867	78.6798761	89	158	15.7424311	3	29	38.8972992	45	133	14.9447851	0	1	2.3739129	3	10	1.4262242	2.3482927	
Koopa	2	10.0282%	3	11	14.0142584	18	20	4.2142647	36	79	91.6311801	103.1198612	176	17.4828931	3	27	37.3337588	44.0173987	130	15.2450095	0	2	2.7298219	4	11	1.5101347	2.1587324	
Koopa	3	2.614%	5	13	15.7644082	19	20	3.4028223	46	92.0452716	105.9197399	118.9568802	190	19.5537844	5	24	34.4313695	41	129	15.2653398	0	2	2.8923489	4	10	1.5472545	2.0716909	
Koopa	4	0.6272%	7	15	16.7853954	19	20	2.7648354	62	106.53125	121.4563138	136.0507812	201	21.2591968	3	21	31.294324	38	112	14.66037	0	2	3.0223214	4	9	1.5769422	1.9811862	
Luigi	0	44.1264%	1	1	1	1	1	0	20	61	69.1360501	77	118	11.6126736	6	33	42.2800455	47.5339928	140	13.8772339	0	1	1.7392037	2.7438991	9	1.2840203	2.5382855	
Luigi	1	39.1344%	2	5	10.0187709	14.2530811	20	5.3789794	28	73.0306603	83.4982011	93.1560973	140	14.4673074	3	30	39.5185208	45.9976786	138	14.8580138	0	1	2.436046	3	10	1.4570589	2.2946513	
Luigi	2	12.739%	3	10	13.7477299	17.9122052	20	4.4270483	39	86.2023322	97.9007143	109	162	16.4661623	3	28	38.4445404	45	122	15.3550337	0	2	2.9139807	4	11	1.5493844	2.0435513	
Luigi	3	3.125%	5	13	15.4907255	18.7084111	20	3.5983023	50	98.3238417	111.42816	124	175	18.3723681	3	27	38.46592	45.9098269	128	15.6754118	0	2	3.135872	4	10	1.591629	1.916928	
Luigi	4	0.8752%	6	14.4270833	16.4117916	19	20	3.0621962	62	112.3888889	126.3254113	139.5034722	190	19.9464011	4	25	36.6359689	45	114	16.4841421	0	2	3.1956124	4	9	1.5866614	1.9028793	
Mario	0	49.168%	1	1	1	1	1	0	40	65	69.8029247	74.9927676	101	7.2196448	6	30	39.5520379	45	139	14.5057046	0	1	1.8470306	3	9	1.2981241	2.5386227	
Mario	1	33.7006%	2	4	9.1449756	13.9943423	20	5.4760937	42	76	84.5861973	93	127	11.5322113	3	29	39.098111	45.9778133	145	15.0905223	0	1	2.5152074	3	11	1.4614378	2.2863925	
Mario	2	12.6404%	4	9	13.1183091	17	20	4.5625027	48	88.5429159	98.4134521	108	151	13.9542288	0	27	38.0823075	45	132	15.4367796	0	2	2.9474542	4	10	1.5557247	2.0569602	
Mario	3	3.58%	5	13	15.3079047	18	20	3.5549016	62	101.0590722	111.8996648	122.9843657	169	15.3587342	3	25	36.1332961	43.7841481	129	15.9084145	0	2	3.2053631	4	10	1.6007869	1.9259218	
Mario	4	0.911%	7	15	16.6463227	19	20	2.840248	74	115	126.1563117	137.73	174	16.4952889	0	23	34.3330406	42.11	116	16.4868692	0	2	3.2893524	4	11	1.6219294	1.8759605	
Monty Mole	0	54.3476%	1	1	1	1	1	0	26	60	66.0829623	72	103	8.8312299	3	29	38.5239091	44.2164293	140	14.5368509	0	1	1.7950599	3	9	1.2904331	2.6310785	
Monty Mole	1	30.5516%	2	5	9.981105	14.9822374	20	5.4853322	30	71	80.2704801	89	134	12.5764342	1	29.3714855	39.7329305	46.4607404	150	15.1106489	0	1	2.362783	3	11	1.4365415	2.3577161	
Monty Mole	2	11.47%	4	10	13.5921805	17	20	4.4131659	44	83.6523874	94.1096425	104.5244984	149	14.9354674	4	28	38.9605754	46	137	15.3557704	0	2	2.8126242	4	12	1.5463344	2.1135658	
Monty Mole	3	2.9454%	5	13	15.5688553	18.6618888	20	3.4861696	54	96.4514197	108.0135126	119.342697	166	16.438734	6	27	37.532763	44.9989746	125	15.6054774	0	2	3.0685815	4	11	1.613936	1.9777959	
Monty Mole	4	0.6854%	8	15	16.7919463	19	20	2.7880407	68	109.9776235	122.2669974	134.6983025	175	17.5676499	7	25.1990741	36.8751094	45	125	16.2532531	0	2	3.2599942	4	10	1.6235559	1.8745258	
Normal Dice	0	49.3566%	1	1	1	1	1	0	37	64.8537548	69.7296532	75	103	7.6187011	0	30.9891538	40.7021553	46.9827597	135	14.6016685	0	1	1.864395	3	9	1.3156834	2.5394902	
Normal Dice	1	34.268%	2	5	9.9185481	14.4120674	20	5.4331567	43	75	83.3807342	91.9884365	128	11.6772953	3	29	39.0161375	45.5836034	138	15.0339324	0	1	2.4501284	3	10	1.4578007	2.3138613	
Normal Dice	2	12.2496%	4	10	13.5049159	17	20	4.4441611	50	87	97.1369841	107	149	14.2586128	3	27	37.4094175	44.3939903	129	15.3320545	0	2	2.8687794	4	10	1.5520004	2.098893	
Normal Dice	3	3.3176%	5	13	15.452179	18	20	3.5180474	61	99.0991304	110.7322763	122	160	15.9512498	3	24.7318527	35.5852423	43	123	15.5702173	0	2	3.102122	4	10	1.6062372	1.960815	
Normal Dice	4	0.8082%	7	15	16.6795348	19	20	2.839691	70	114	125.640683	137.6182851	174	17.0370012	0	23	34.2457313	42	127	16.1365813	0	2	3.2479584	4	9	1.6163561	1.8913635	
Peach	0	48.52%	1	1	1	1	1	0	26	60	66.1415004	72	100	8.455567	0	23.3545834	32.2185326	38	128	14.11982	0	1	1.6064716	2	9	1.2689874	2.7686274	
Peach	1	35.5576%	2	5.9881635	10.3367366	15	20	5.3424052	24	71	79.6122798	88	127	11.9815124	0	25.9963553	36.0211375	42.9967516	135	15.250629	0	1	2.2052838	3	10	1.3988832	2.4832047	
Peach	2	12.3456%	4	11	14.0533965	18	20	4.211654	38	83	93.0717341	102.9510835	144	14.1782869	0	24	34.6830126	41.8726072	136	15.285688	0	2	2.684584	4	10	1.5155303	2.2267043	
Peach	3	2.944%	5	13.9293996	15.8602662	19	20	3.3375972	55	95	106.0749321	117	165	15.7635215	0	23	33.8398098	41.0894855	119	15.5120182	0	2	2.9764266	4	10	1.5657861	2.0517663	
Peach	4	0.6328%	7	15	17.0066372	19	20	2.6256575	67	108.8242188	120.2016435	131.9453125	173	16.5726511	3	21.2460938	32.9231985	40.5898438	123	16.1968604	0	2	3.0726928	4	10	1.5564881	1.9788243	
Rosalina	0	69.234%	1	1	1	1	1	0	6	47.9977827	56.2599676	64.0489142	119	12.2163088	9	34	43.1725366	48	140	14.034043	0	1	1.7212323	2	9	1.2491736	2.5997631	
Rosalina	1	22.5952%	3	7.9913218	11.7622895	16	20	4.8597161	12	58	68.0824511	77.9607587	133	14.4009489	7	35.9887886	46.1671417	53	149	15.3863532	0	1	2.2835027	3	9	1.3941894	2.3473658	
Rosalina	2	6.4112%	4	12	14.8647623	18	20	3.7878968	31	69.6733333	80.7863427	91.8188123	148	15.96969	10	36	46.3905353	53.4112723	144	15.5133981	0	2	2.7168393	4	10	1.5155663	2.1196344	
Rosalina	3	1.4282%	5	14	16.2313026	19	20	3.1277327	40	81	93.6262428	105.8998016	162	17.4494827	10	34	45.0813612	53	135	16.1130465	0	2	2.9840358	4	9	1.5760682	1.969192	
Rosalina	4	0.3314%	8	16	17.2601086	19	20	2.5391198	51	94.0195312	107.6722993	120.875	171	19.1149851	14	32	43.3065782	51	115	15.8812023	0	2	3.0404345	4	10	1.5947808	1.9366325	
Shy Guy	0	81.2754%	1	1	1	1	1	0	28	63.9975951	66.4121247	72	80	6.702441	6	24	32.1450623	37.5116336	131	13.9752721	0	1	1.6032723	2	9	1.2136689	2.7859721	
Shy Guy	1	13.5866%	8	11	13.8445147	16.6744718	20	3.3631574	41	70	75.8075309	82	101	8.8625974	6	26.9285672	36.7738949	43.9918622	127	15.2022857	0	2	2.5883444	3	9	1.3304115	2.2913312	
Shy Guy	2	4.511%	11	14	16.2866485	18.7449618	20	2.5991519	48	78	84.8168034	92	118	10.2285066	6	21	31.4897805	37.6976719	125	14.2151321	0	2	2.7434715	4	10	1.4603262	2.2464199	
Shy Guy	3	0.5774%	13	17	17.9314195	19	20	1.8301267	60	87	93.8888119	101	126	10.471551	6	20	30.2625563	37	116	14.8020185	0	2	2.9442328	4	9	1.5263556	2.1409768	
Shy Guy	4	0.0496%	15	18	18.7217742	20	20	1.3586675	71	96	102.4717742	109	129	10.5543529	9	18	29.1532258	34	96	15.3215768	0	2	2.9556452	4	6	1.4149434	2.0564516	
Pom Pom	0	46.946%	1	1	1	1	1	0	21	61	68.0832531	74.9716903	120	10.3876652	0	21.1311319	32.166127	38	142	14.7575912	0	1	1.8368892	3	9	1.254617	2.6236953	
Pom Pom	1	36.1582%	3	5	8.9521205	12.9980461	20	5.0294398	24	71.6504663	80.3276103	89	135	12.8505056	2	26	36.3095453	43	132	15.2404428	0	1	2.3586904	3	10	1.423899	2.405258	
Pom Pom	2	12.2438%	5	10.9429819	13.9153162	17	20	4.0893734	44	83	92.7175387	102	154	14.126617	3	26	36.5025401	43.9822445	137	15.4292456	0	2	2.799523	4	10	1.5174411	2.1529754	
Pom Pom	3	3.6902%	6	13	15.7147893	18.8335783	20	3.3056396	49	94	104.8071107	115	170	15.571564	0	23	33.5832204	41	125	15.3897515	0	2	2.9807057	4	10	1.5415959	2.0557151	
Pom Pom	4	0.9618%	8	15	16.8879185	19	20	2.6751239	66	106.172956	118.0906633	129.5157233	185	16.861061	0	21	32.2638802	39.381202	122	15.6435666	0	2	3.0788106	4	10	1.5720798	1.9881472	
Waluigi	0	61.9412%	1	1	1	1	1	0	21	62	69.6767418	77	116	10.9373707	2	27	36.4233596	42.059714	138	14.4236618	0	1	1.706583	2	10	1.2617773	2.7970398	
Waluigi	1	25.6778%	2	6	10.4842612	15	20	5.3137295	31	73	82.7372516	92	134	13.7781354	0	26.984816	36.4353021	43	134	14.8011144	0	1	2.22942	3	9	1.4174358	2.5294457	
Waluigi	2	9.4884%	4	11	14.0173976	18	20	4.2118526	38	85	96.2711521	107	156	15.7766384	3	25.6563369	35.7463851	42.7759684	136	15.0594108	0	1.911583	2.6083639	4	10	1.514564	2.2922937	
Waluigi	3	2.3216%	5	13.3123212	15.8063334	19	20	3.3616978	47	97	109.1995176	120.9297009	177	17.1896421	1	24.0679538	35.0043074	42	125	15.161211	0	2	2.8437285	4	10	1.5523965	2.160062	
Waluigi	4	0.571%	7	15	16.8409807	19	20	2.7287023	74	110	123.7824869	136.7206897	184	18.1178466	3	23	33.9824869	41.9689655	101	15.3600697	0	2	2.9348511	4	9	1.5691735	2.123993	
Wario	0	13.9302%	1	1	1	1	1	0	24	72	78.4034113	90	120	12.9841144	0	8.800288	24.2492857	35.9298248	120	18.7798711	0	1	1.6901552	2	9	1.275562	2.8072389	
Wario	1	48.0476%	2	3	5.8366233	7.8752987	20	4.3529704	30	89.9801482	99.9069714	110.9935649	152	15.5348237	0	24	34.4469568	42.7837146	138	16.036855	0	1	2.3507022	3	11	1.4751536	2.4193591	
Wario	2	27.2152%	4	8	12.0091473	16	20	4.5820259	44	102.0483224	113.5438872	125.0527829	179	16.920963	0	24.481025	35.7823349	43.9862965	132	16.0954344	0	2	2.8145081	4	10	1.5535528	2.1676784	
Wario	3	8.0228%	5	12	14.8060701	18	20	3.7137833	46	113.857473	126.0197188	138.9760588	190	18.0894096	0	26.6807503	37.9482226	46.2754463	141	16.5284692	0	2	2.9972329	4	10	1.578896	2.048786	
Wario	4	2.7842%	6	14	15.9143021	19	20	3.2607264	57	127	140.3748294	154	209	19.5392112	0	27	39.8116515	50.1343924	136	18.0776966	0	2	3.0766468	4	11	1.5827898	1.9936786	
Yoshi	0	63.4602%	1	1	1	1	1	0	21	55.9993906	63.006467	70	114	10.4958363	0	25.9472464	35.0812131	40.9991576	134	14.4768229	0	1	1.7311417	2.2454446	11	1.2526422	2.6906092	
Yoshi	1	25.323%	2	6	10.5875347	15	20	5.2620183	26	66.9951688	76.0922008	85	132	13.3984363	3	26.9646053	36.6252261	43	136	15.1187426	0	1	2.275694	3	10	1.4063714	2.4402954	
Yoshi	2	8.6796%	4	11	14.0713751	18	20	4.1596185	34	78.8919647	89.4192359	99.95035	155	15.2634864	0	26	36.0565233	43	128	15.2235098	0	2	2.6808148	4	11	1.5145624	2.2099636	
Yoshi	3	2.0132%	5	13.9562137	15.8443166	19	20	3.3038792	50	91	102.4066163	113.9794239	172	16.5714042	0	24	35.4153586	43	124	15.716336	0	2	2.9867872	4	11	1.5762381	2.0490761	
Yoshi	4	0.524%	7	15	16.8576336	19	20	2.6980271	61	103.9852071	116.4881679	128.8491124	178	18.0811216	4	22.9260355	33.2942748	41	98	15.3551855	0	2	2.9942748	4	9	1.5493059	2.0301527	
