Character	AllyCount	Frequency	Min Turn Gained	1st Quartile Turn Gained	Avg Turn Gained	3rd Quartile Turn Gained	Max Turn Gained	Turn Gained SD	Min Distance	1st Quartile Distance	Distance Avg	3rd Quartile Distance	Max Distance	Distance SD	Min Coins	1st Quartile Coins	Coin Avg	3rd Quartile Coins	Max Coins	Coin SD	Min Stars	1st Quartile Stars	Star Avg	3rd Quartile Stars	Max Stars	Stars SD	Average Place
Boo	0	68.87946%	1	1	1	1	1	0	10	70	79.1048702	88	132	13.1500422	0	21	30.1547039	36	139	14.1592054	0	1	1.7406736	2.5739809	11	1.2735878	2.8927875	
Boo	1	20.45098%	2	5.9996449	10.3026843	15	20	5.3203229	16	83.9995865	94.3487334	104.9992965	159	15.4348625	0	23	33.5391859	40.9965416	145	15.1524391	0	1	2.3040265	3	12	1.4539349	2.521266	
Boo	2	8.23702%	3	11	14.0520546	17.9989025	20	4.1340029	36	96	107.8913782	119.5582087	176	17.0269464	0	24	34.4365729	41.6747095	135	15.1383802	0	1.9926833	2.6326317	4	12	1.5302172	2.2927685	
Boo	3	1.89038%	5	13.970873	15.8414086	19	20	3.3302719	48	107.3106237	119.9822575	132.1792502	188	18.2180802	0	24.1892158	35.6522498	43	139	15.6453452	0	2	2.8493636	4	11	1.5561492	2.1518002	
Boo	4	0.54216%	6	15	16.7064704	19	20	2.8467276	54	120.6206086	134.2125203	147.9934234	207	19.8350925	0	23.9772971	35.3330751	43.6755218	133	16.7049225	0	2	2.8949388	4	11	1.5723277	2.1159805	
Bowser	0	51.35226%	1	1	1	1	1	0	6	76.97518	90.8904913	103.9970166	186	19.8408756	0	20.0335159	29.7490455	35.9984297	136	14.3157732	0	1	1.7488593	2.9997832	11	1.3352996	2.8978362	
Bowser	1	27.95162%	3	7	10.7620046	14.9988196	20	4.8217189	14	91.3106104	106.2202119	120.9963508	208	21.625602	0	24.9235366	35.5652832	42.9541613	156	15.3967203	0	1	2.1382117	3	12	1.4524757	2.6118658	
Bowser	2	14.45416%	4	10	13.2836387	17	20	4.2846349	27	105.2999073	121.3317218	136.9980136	219	23.1167498	0	25.9927589	35.8160709	42.9936182	140	15.1269802	0	1	2.421397	3	13	1.4887764	2.3992069	
Bowser	3	4.77516%	5	12	14.8792687	18	20	3.7728296	43	119.9916938	137.1441501	153.9872248	238	24.7347926	0	24	34.3840039	41	146	14.9433542	0	1.4136444	2.5897352	3.9964055	12	1.5051114	2.2905327	
Bowser	4	1.4668%	6	14	16.2182438	19	20	3.1176696	67	136.9663461	155.0078811	172.8751649	255	25.9129349	3	22.3206077	31.879111	37.9499869	131	14.5046762	0	2	2.6229343	4	11	1.5019695	2.2666212	
Bowser Jr	0	50.52728%	1	1	1	1	1	0	20	57	65.8954125	74.1960155	136	12.7716902	0	33	41.6741333	47	143	14.0960445	0	1	1.7444003	2.8330105	10	1.2841764	2.5691377	
Bowser Jr	1	35.70648%	2	6.9990712	10.9836997	15	20	4.9477259	23	68.1042245	79.0442592	88.9999935	159	15.1173999	0	28.9998428	38.8008479	44.9996551	153	15.014876	0	1	2.250303	3	10	1.4100624	2.4114038	
Bowser Jr	2	10.09024%	3	11	14.3318016	18	20	4.0930557	33	80	92.182739	103.4473699	174	16.8274621	2	26.2007612	36.1188079	42.2585687	141	14.8765437	0	1.9992033	2.6295628	4	11	1.5098787	2.2079752	
Bowser Jr	3	2.94164%	4	13	15.6238466	18.9724808	20	3.4730526	37	91.9705465	105.1954284	117.9622758	188	18.8960629	2	24	33.9255925	40	132	14.9371586	0	2	2.7778382	4	11	1.5300586	2.1138957	
Bowser Jr	4	0.73436%	6	15	16.7755597	19	20	2.8004001	51	106.9385721	121.4888066	135.7384766	200	20.6288712	0	21	31.5265265	37.5277519	123	14.750707	0	2	2.8971622	4	11	1.55292	2.0402255	
Diddy Kong	0	41.09402%	1	1	1	1	1	0	0	56	67.055794	77	133	15.8218443	0	19.8124667	28.7265101	33.9989167	127	13.7338589	0	1	2.1888275	3	10	1.2560518	2.5734542	
Diddy Kong	1	38.32216%	2	8	11.279266	14	20	4.2690864	14	70.9984313	83.1582672	95.8934954	166	18.2703458	2	24.2242931	36.0619083	44.0629375	144	16.5256504	0	1	2.0724051	3	12	1.3955403	2.4853015	
Diddy Kong	2	16.27856%	4	12	14.8903362	18	20	3.5059112	25	81.1184683	94.5496457	107.9877656	177	19.4238143	3	27.5046337	38.8830695	46.9878578	180	16.3766474	0	1	2.3886253	3	11	1.4923441	2.2575142	
Diddy Kong	3	3.39394%	5	14.9996033	16.467916	19	20	2.8885305	39	93.1690128	107.2061969	120.8988808	193	19.861902	3	30	41.8481293	50.267476	145	16.8666019	0	2	2.7354638	4	11	1.5562427	2.0561353	
Diddy Kong	4	0.91132%	6	16	17.1567616	19	20	2.5390652	58	106.2764157	121.2531493	135.4266187	211	21.1187572	3	28	40.14682	49	142	17.1196092	0	2	2.774898	4	11	1.5495172	2.0220998	
Daisy	0	45.27808%	1	1	1	1	1	0	60	65.9998083	67.0250072	68	77	2.0920093	0	25.592149	35.5671212	41.9991607	141	15.0741225	0	1	2.0349149	3	10	1.3189739	2.4737714	
Daisy	1	39.72546%	4	4	9.1213865	13	20	5.1837834	60	74	81.2501403	88	104	8.271928	0	27	37.8776966	44.9999513	140	15.4309753	0	1	2.4159589	3	12	1.4273955	2.352373	
Daisy	2	11.13952%	6	11	14.3493278	18	20	3.9260469	65	87.097877	93.4179085	100	126	9.4280322	0	25.9959186	36.5363355	43.9995199	143	15.5123176	0	2	2.8835641	4	12	1.5355392	2.1075325	
Daisy	3	3.28852%	8	14	16.0961851	19	20	3.1271708	70	96	103.9676937	111.8001067	141	10.9190035	0	21.8976416	32.2938647	39	136	15.1064186	0	2	2.9679309	4	11	1.5716963	2.05504	
Daisy	4	0.56842%	9	16	17.3777137	19	20	2.3187792	81	108.2071835	117.1091798	125.0653989	158	11.4447441	0	20	30.1658633	36.6285264	116	14.8027198	0	2	3.0664298	4	11	1.5800044	2.0007037	
Donkey Kong	0	73.53428%	1	1	1	1	1	0	0	50	63.4261408	80	170	21.37594	0	24.9999877	35.0991546	41.751119	142	15.2079323	0	1	1.5388097	2	10	1.2082511	2.7844268	
Donkey Kong	1	17.9291%	5	11	14.0135995	17	20	3.6305629	50	64	80.2169233	92.9992389	182	20.0525273	3	32.3810098	43.3338104	50.9992878	150	16.0716523	0	1	1.8661193	2.9998931	10	1.2082878	2.5468875	
Donkey Kong	2	7.20316%	6	13	15.3546532	18	20	3.3119189	60	81.9844522	98.245048	112.6951325	213	21.8519049	3	30.9975272	41.3081592	48.4195814	144	15.7613097	0	1	2.1856546	3	12	1.3388407	2.3448459	
Donkey Kong	3	1.18688%	7	15	16.8020338	19	20	2.7501677	71	99.2476485	116.8732475	132.2192624	222	23.0767416	3	29.9813767	40.1368967	47	137	15.6688052	0	1	2.4807057	3	11	1.4239738	2.1711209	
Donkey Kong	4	0.14658%	10	17	17.8024287	20	20	2.1029551	84	118.1415816	134.9552463	150.9337232	226	23.2384559	8	29	38.8130714	45.4017857	128	15.2194208	0	2	2.6355574	3.8511905	9	1.4437927	2.0659026	
Goomba	0	62.95386%	1	1	1	1	1	0	10	52	59.0787939	66	106	10.3296776	6	33	42.2690472	47	145	14.0250371	0	1	1.6957127	2	10	1.2478268	2.6290232	
Goomba	1	24.43436%	2	5	9.9029184	14.9991856	20	5.5191167	17	64.8951254	74.2533645	83.9981414	129	13.669472	4	36	46.6099321	53.9969141	153	15.5317482	0	1	2.3597876	3	10	1.4265357	2.3068793	
Goomba	2	9.7517%	4	10	13.6874002	17	20	4.3310212	23	78	88.895087	99.9477855	150	15.5502801	6	35.997702	46.4385143	53.9742287	159	15.6371882	0	2	2.8381308	4	12	1.5549016	2.0528277	
Goomba	3	2.32358%	5	13	15.6660233	18.9811422	20	3.4058515	34	90.9830906	102.5925339	114	165	16.9198236	7	35	46.1266064	53.9806845	150	15.9043323	0	2	3.1660369	4	11	1.6138062	1.8855645	
Goomba	4	0.5365%	7	15	16.8079776	19	20	2.777381	55	104.389135	116.9082572	129.2243079	182	17.9617417	6	34	45.5581733	53.5352151	134	16.3270186	0	2	3.301808	4	12	1.6457866	1.8058527	
Dry Bones	0	35.37412%	1	1	1	1	1	0	20	60	67.954106	75	120	11.1065005	0	30.997383	39.4796015	44.1385103	143	13.3573372	0	1	1.6012786	2	10	1.2605484	2.5831263	
Dry Bones	1	43.12454%	2	3	8.6661533	13	20	5.6298741	26	74.9996853	85.5978791	96	145	15.1423031	0	29.5451879	39.1761517	45.5661083	144	14.9178623	0	1	2.4851386	3	11	1.4704567	2.2722598	
Dry Bones	2	16.00146%	4	8.9978263	12.7160558	17	20	4.8729079	35	89.0364598	101.5554693	113.9973021	170	17.4901803	0	27.9999135	38.7549211	45.996822	140	15.4832938	0	2	2.9970753	4	13	1.5580813	2.0035734	
Dry Bones	3	4.23616%	5	12	15.0548594	18	20	3.7651799	48	103.6734001	116.6793511	130.020422	182	18.8434601	0	28	39.3396519	47	141	15.9835383	0	2	3.255387	4	12	1.6061522	1.8634093	
Dry Bones	4	1.26372%	6	14	16.0863324	19	20	3.2539662	59	117.9961973	132.069335	146.8836977	202	20.2945835	0	26	38.4177982	47.5588046	136	17.1274959	0	2	3.3481626	4	11	1.616452	1.8237268	
Hammer Bro	0	54.33182%	1	1	1	1	1	0	10	49.6047611	56.2718661	62.9993924	100	9.8851232	6	39	47.380627	52.2221372	145	13.993981	0	1	1.7238524	2	11	1.2380022	2.5125516	
Hammer Bro	1	30.8698%	2	5	9.6642884	14	20	5.3406007	13	60.8420135	70.2011863	79.5868062	126	13.4411001	6	35.9999861	45.6650066	51.9994592	149	15.0934871	0	1	2.3569527	3	11	1.4236839	2.2903932	
Hammer Bro	2	11.20322%	4	11	13.9892988	17.9941524	20	4.1521368	28	74	84.8329998	95.0580396	148	15.0911226	3	34.9958059	45.1241839	51.999984	147	15.478163	0	2	2.8139392	4	11	1.5394714	2.0657472	
Hammer Bro	3	3.0102%	7	13	15.6836302	18.9547769	20	3.3560938	38	85.9845246	97.377543	108.973709	169	16.6715237	6	33	44.3220982	51.7316692	145	15.8056254	0	2	2.992459	4	12	1.5860926	1.9619959	
Hammer Bro	4	0.58496%	8	15	16.9850246	19	20	2.625641	56	100	112.1440098	124	171	17.4057691	6	32	43.1608657	51	135	16.2237818	0	2	3.1961844	4	11	1.6308942	1.865119	
Koopa	0	54.02936%	1	1	1	1	1	0	23	56.2632073	66.4704698	75.1431741	153	13.9215848	0	31.7311219	40.9153201	46.9994003	145	14.5364156	0	1	1.8953277	3	10	1.3068786	2.5164448	
Koopa	1	32.6887%	2	6.0614544	10.9144315	15	20	5.0006359	26	67.5177941	78.6573036	88.9992445	160	15.7342512	2	29	38.9293462	45.205994	147	14.9834398	0	1	2.3754374	3	13	1.4292697	2.3473837	
Koopa	2	10.03716%	3	11	13.9957732	17.9993969	20	4.2194283	33	79	91.5690135	102.9866732	183	17.5160007	0	27	37.2705646	43.9986903	148	15.2595604	0	2	2.7295988	4	13	1.5115671	2.1626615	
Koopa	3	2.6146%	4	13	15.6967437	18.9993191	20	3.4222337	45	92	106.1316301	118.9616898	188	19.5316686	0	24	34.4434101	40.9990183	126	15.2082411	0	2	2.907351	4	11	1.5431771	2.0559627	
Koopa	4	0.63018%	7	15	16.8499159	19	20	2.7693574	58	106	121.3339681	135.828261	207	21.1794956	3	21	31.3350154	37.6204562	124	14.9232292	0	2	2.9887016	4	11	1.5541469	2.0095846	
Luigi	0	44.07148%	1	1	1	1	1	0	20	61	69.1645654	77	123	11.6062853	0	33	42.2237052	47	141	13.8869861	0	1	1.7398376	2.8042043	10	1.2872806	2.5378385	
Luigi	1	39.1333%	2	5	10.0173153	14.0171863	20	5.3735643	25	73	83.5115745	93.0728335	147	14.4701648	2	30	39.5336683	45.998282	155	14.8809262	0	1	2.4383775	3	11	1.4578928	2.2935382	
Luigi	2	12.7745%	3	10	13.7456062	17.9318894	20	4.4424485	35	86	97.8654429	109	167	16.5092367	0	27.9982198	38.3366504	44.9989387	140	15.1507778	0	2	2.9158574	4	11	1.55437	2.0467556	
Luigi	3	3.1318%	4	13	15.5115104	18.9154495	20	3.5803144	49	98	111.2426656	123.9789823	186	18.348013	0	27.0155147	38.3867808	45.9830518	135	15.569798	0	2	3.1439747	4	11	1.5975688	1.9191264	
Luigi	4	0.88892%	6	14.8562305	16.458039	19	20	3.0454537	59	112	126.4235477	140	204	20.0111046	0	24.8694279	36.4716285	44.762881	130	16.3960852	0	2	3.2283895	4	11	1.6058592	1.885974	
Mario	0	49.11724%	1	1	1	1	1	0	36	65	69.7932803	74.9998318	104	7.2005804	1	30	39.5922271	45.039891	141	14.5165849	0	1	1.8455605	3	10	1.2966921	2.5386553	
Mario	1	33.7387%	2	4	9.1365775	13.9992973	20	5.4745809	38	76	84.5842051	93	134	11.5217864	3	29	39.0821348	45.8470556	146	15.037141	0	1	2.5112965	3	11	1.4607529	2.2862695	
Mario	2	12.65806%	4	9	13.1241036	17	20	4.5529753	46	88.4102845	98.3629466	108	152	13.9643017	0	27	38.0003824	44.9989667	148	15.3872316	0	2	2.9498612	4	11	1.5496434	2.0551933	
Mario	3	3.579%	5	13	15.3101872	18	20	3.5765994	59	101	111.8538921	122.7009907	170	15.3771994	0	25	35.8723498	43	132	15.5290902	0	2	3.1830176	4	11	1.5934432	1.9298631	
Mario	4	0.907%	7	15	16.6068578	19	20	2.8601033	70	115	126.4665491	137.9722372	187	16.3973784	0	23	34.3459757	42.0554844	139	16.0584006	0	2	3.3040794	4	11	1.6134546	1.8656009	
Monty Mole	0	54.23102%	1	1	1	1	1	0	22	60	66.0895292	72	106	8.8344633	2	29	38.5288047	44	145	14.5253183	0	1	1.7975395	3	10	1.2886623	2.6306247	
Monty Mole	1	30.60678%	2	5	9.9818847	14.9990486	20	5.4793329	28	71	80.2353786	89	131	12.5563421	1	29.4627145	39.7718773	46.6268898	147	15.1470649	0	1	2.3651753	3	11	1.4400108	2.3560747	
Monty Mole	2	11.54172%	4	10	13.6129955	17	20	4.4100653	35	83.5820222	94.1499828	104.6630943	153	14.9292994	0	28	38.9102179	45.9973187	145	15.3724493	0	2	2.8070963	4	12	1.5477918	2.119237	
Monty Mole	3	2.93324%	5	13	15.5795696	18.7896814	20	3.4707084	47	96	107.9022719	119	169	16.4188775	3	27	37.7230366	45	146	15.5883168	0	2	3.0707068	4	11	1.5955193	1.972781	
Monty Mole	4	0.68724%	6	15	16.7428555	19	20	2.8227515	58	110	122.4601013	134.8315816	190	17.583926	3	25	36.6841278	44.9773514	138	16.0582683	0	2	3.230167	4	11	1.617096	1.8879576	
Normal Dice	0	49.43544%	1	1	1	1	1	0	34	64.4980215	69.716149	75	106	7.6258807	0	30.9990445	40.6848771	46.999646	148	14.5593304	0	1	1.8635829	3	11	1.3153051	2.5405486	
Normal Dice	1	34.17938%	2	5	9.9151315	14.2836393	20	5.4281113	38	74.999973	83.4012782	91.994296	132	11.6730998	0	29	38.977518	45.3064735	144	15.0593471	0	1	2.4517765	3	11	1.4577044	2.312166	
Normal Dice	2	12.31234%	4	10	13.5354754	17	20	4.4343923	44	86.9997386	97.1701496	107	151	14.2235249	0	27	37.4798974	44.471073	145	15.3411416	0	2	2.8822206	4	12	1.5526614	2.0870785	
Normal Dice	3	3.28366%	5	13	15.5028629	18.1203574	20	3.5110708	59	99	110.5538028	121.9085237	168	15.9057128	0	24.8236778	35.7014064	42.9751573	133	15.5574305	0	2	3.0965934	4	11	1.5964189	1.9681575	
Normal Dice	4	0.78918%	6	15	16.7174536	19	20	2.8324871	67	113.236991	125.2255506	137	188	17.1211329	0	23	33.854938	41.7914767	124	15.8264281	0	2	3.1937454	4	11	1.6063609	1.9148737	
Peach	0	48.42816%	1	1	1	1	1	0	24	60	66.1686292	72	102	8.461377	0	23.2102502	32.2075226	37.9991179	134	14.096533	0	1	1.6035555	2	10	1.267825	2.7720046	
Peach	1	35.64466%	2	5.8306984	10.3139644	15	20	5.3387662	27	71	79.6851018	88	130	11.9863372	0	25.9958719	36.027617	42.9985099	143	15.2224564	0	1	2.2057161	3	11	1.3947191	2.4835709	
Peach	2	12.3198%	4	11	14.0481943	18	20	4.2106233	38	83	93.0851653	102.9939212	150	14.1432948	0	24	34.6922661	41.9915165	141	15.2620526	0	2	2.6864559	4	12	1.5165478	2.2214452	
Peach	3	2.97174%	5	13.9904155	15.8348164	19	20	3.3455529	44	95	106.2003136	117	171	15.8008619	0	23	33.6855445	40.9906852	132	15.4351059	0	2	2.9554402	4	11	1.5673054	2.0670382	
Peach	4	0.63564%	6	15	16.939085	19	20	2.6997977	59	108.3341005	120.5512869	132.2563878	181	17.108042	0	21.2739104	32.8802467	40.7469782	120	15.7892664	0	2	3.1157888	4	11	1.5840306	1.9686615	
Rosalina	0	69.23966%	1	1	1	1	1	0	8	47.9992294	56.2799722	64	120	12.2257654	7	34	43.1742857	48	142	13.9959912	0	1	1.7209218	2.0378321	10	1.2488237	2.6002248	
Rosalina	1	22.57826%	3	7.9996643	11.760264	16	20	4.8658443	12	57.9999725	68.0792727	77.9953395	138	14.4365958	8	35.9978173	46.1420747	52.9987234	154	15.3770245	0	1	2.2844046	3	11	1.3947713	2.3445421	
Rosalina	2	6.44206%	4	12	14.8581608	18	20	3.8028346	21	69.4595641	80.7912904	91.3993764	154	16.0327967	4	36	46.416075	53.0463561	148	15.4718758	0	2	2.7070037	4	11	1.504505	2.1191265	
Rosalina	3	1.41546%	5	14	16.2277675	19	20	3.1256352	38	81	93.5554519	105	166	17.3626088	10	34	44.8975174	52.5934361	138	15.8247996	0	2	2.9727015	4	10	1.5682301	1.9835389	
Rosalina	4	0.32456%	7	15.8900585	17.1316244	19	20	2.591615	46	94.9502732	108.2484595	121	184	19.149893	10	32	43.1086394	50.5831112	129	15.7052659	0	2	3.0627927	4	11	1.5812365	1.9128667	
Pom Pom	0	46.99568%	1	1	1	1	1	0	23	60.9999943	68.0762134	74.7788845	125	10.4249378	0	21.0909349	32.1991609	38.2970591	141	14.7976398	0	1	1.8345248	3	11	1.2559116	2.6271989	
Pom Pom	1	36.15178%	3	5	8.9528642	12.9997183	20	5.031981	25	71.2715503	80.2568759	88.9992497	143	12.8335924	0	26	36.2731168	42.9990727	145	15.2602556	0	1	2.3572997	3	11	1.4234212	2.4066306	
Pom Pom	2	12.20984%	4	10.9989783	13.9187256	17	20	4.0677504	35	83	92.8220779	102	162	14.1146827	0	26	36.64659	43.9981358	143	15.5460937	0	2	2.8000629	4	11	1.5230934	2.1527932	
Pom Pom	3	3.6951%	6	13	15.7216447	18.7201185	20	3.2892662	47	93.997048	104.7488187	115	177	15.4398073	0	23	33.7139076	40.9931211	132	15.5372608	0	2	2.9775649	4	11	1.5574065	2.0584233	
Pom Pom	4	0.9476%	7	15	16.9007598	19	20	2.6387674	56	106	117.9523005	129.0802133	189	16.818792	0	21	32.4123048	39.9640428	130	15.7886838	0	2	3.0611862	4	10	1.5567201	1.9910089	
Shy Guy	0	81.24386%	1	1	1	1	1	0	24	63.9964644	66.419819	72	80	6.6965086	6	24	32.1401492	37.6700455	143	13.9589279	0	1	1.6023461	2	10	1.2166887	2.7874734	
Shy Guy	1	13.59696%	8	11	13.8494136	16.6572863	20	3.3574261	36	70	75.8218514	82	103	8.8405497	6	26.9942678	36.8294075	43.9941554	151	15.1938561	0	2	2.5834745	3	10	1.3274227	2.2935862	
Shy Guy	2	4.5246%	11	14	16.2850608	18.1467049	20	2.5923949	42	78	84.7993944	92	117	10.2082071	6	21.2453653	31.6322504	37.9725678	123	14.3609925	0	2	2.7393582	4	12	1.465063	2.2420855	
Shy Guy	3	0.58844%	13	17	17.937502	19.8546211	20	1.8516736	58	86	93.7436272	101	126	10.4300454	6	20	29.6566855	36	114	14.34886	0	2	2.9583645	4	10	1.5014777	2.1204541	
Shy Guy	4	0.04614%	15	18	18.7672302	20	20	1.2796975	70	95	102.4091894	109.1157025	129	10.4125088	6	18	27.6549632	32.9235537	95	13.5826285	0	2	3.0385782	4	10	1.4870582	2.0437798	
Waluigi	0	62.0739%	1	1	1	1	1	0	11	62	69.6833055	77	120	10.9234295	0	27	36.4049222	42	141	14.3906054	0	1	1.7020551	2	12	1.2588139	2.8001733	
Waluigi	1	25.5919%	2	6	10.4958063	15	20	5.3210683	26	72.9987545	82.6176118	92	141	13.8017988	0	26.6787733	36.3893021	42.9984295	152	14.873255	0	1	2.2266874	3	11	1.4186868	2.5285657	
Waluigi	2	9.48342%	4	11	13.9893418	17.999055	20	4.2216855	31	85	96.3010855	106.9999593	161	15.7880476	0	25.319948	35.6698259	42.4381959	140	14.9791656	0	1.7924615	2.6052985	3.998998	13	1.5107051	2.2976416	
Waluigi	3	2.27678%	5	13	15.7736128	19	20	3.3675286	44	97	109.2997128	121	173	17.1860368	1	24	35.1695992	42	137	15.2595555	0	2	2.8456504	4	11	1.5465014	2.1461186	
Waluigi	4	0.574%	6	15	16.798885	19	20	2.7995094	62	110.2996965	123.6691638	136.509192	196	18.666706	3	23	33.8776307	41.3768081	143	15.8247328	0	2	2.9113937	4	11	1.5593896	2.1079443	
Yoshi	0	63.43572%	1	1	1	1	1	0	16	55.9997576	62.9863635	70	115	10.4828356	0	25.7364417	35.0692783	40.9996109	137	14.5082482	0	1	1.7316017	2.2249773	10	1.2551758	2.6896257	
Yoshi	1	25.29202%	2	6	10.5777836	15	20	5.2626083	21	66.9974054	76.0778593	85	138	13.3840761	0	26.8975918	36.6000359	43.202186	146	15.1265484	0	1	2.2800994	3	11	1.4075986	2.4408671	
Yoshi	2	8.7326%	3	11	14.0782221	18	20	4.1675843	33	78.9975259	89.5311774	99.9986636	159	15.2952132	0	25.9967533	36.0806816	42.9936757	137	15.2649196	0	2	2.6877287	4	11	1.5114112	2.2076999	
Yoshi	3	2.01284%	5	13.9259079	15.8232047	19	20	3.335991	43	90.9832224	102.4814392	113.9908335	172	16.8012224	0	24	35.1327577	42	133	15.5129228	0	2	2.9543232	4	11	1.5645114	2.0584448	
Yoshi	4	0.52682%	6	15	16.8556623	19	20	2.7663202	56	103.9981152	116.52815	129	185	18.3128169	0	22.3275949	33.5022209	41	125	15.9333717	0	2	3.0340154	4	11	1.5702368	2.0013667	
Wario	0	13.89442%	1	1	1	1	1	0	18	72	78.3136367	89.9777314	120	12.9589372	0	8.8079356	24.2270077	35.9598542	131	18.7071165	0	1	1.688901	2	11	1.273639	2.8117374	
Wario	1	48.12062%	2	3	5.8371509	7.7297426	20	4.359601	19	89.923328	99.9311268	110.9986565	153	15.55433	0	24	34.4113538	42.4997484	146	16.024181	0	1	2.3517677	3	11	1.4766218	2.4195254	
Wario	2	27.19942%	4	8	12.0082001	16	20	4.5848771	27	102.2458573	113.6055489	125.3214454	176	16.9339022	0	24.8074745	35.8369899	43.9947562	151	16.0355223	0	2	2.8139343	4	13	1.5509231	2.1653557	
Wario	3	8.03912%	5	12	14.8295959	18	20	3.709259	42	113.988819	126.039365	138.914778	192	18.0944905	0	26.1814036	37.974338	46.8632861	148	16.572529	0	2	3.0026744	4	12	1.5774622	2.0475201	
Wario	4	2.74642%	6	14	15.9240611	19	20	3.2522209	56	126.9978553	140.180089	153.9695555	211	19.5742221	0	26.8734438	39.6881686	49.994664	149	18.0346308	0	2	3.064768	4	11	1.5851073	2.0046752	
