Character	AllyCount	Frequency	Min Turn Gained	1st Quartile Turn Gained	Avg Turn Gained	3rd Quartile Turn Gained	Max Turn Gained	Turn Gained SD	Min Distance	1st Quartile Distance	Distance Avg	3rd Quartile Distance	Max Distance	Distance SD	Min Coins	1st Quartile Coins	Coin Avg	3rd Quartile Coins	Max Coins	Coin SD	Min Stars	1st Quartile Stars	Star Avg	3rd Quartile Stars	Max Stars	Stars SD	Average Place
Boo	0	26.584%	1	1	1	1	1	0	22	68.6641307	77.3301234	86	125	13.175005	0	34.1957447	50.8896329	63.5266204	173	22.5099354	0	1	2.2004965	3	9	1.4147634	3.0115107	
Boo	4	6.292%	5	15	16.432295	19	20	2.9865176	74	122.0136719	136.3572791	149.8203125	203	20.4471503	5	40.7558594	56.579466	68.9101562	157	21.9626672	0	3	4.5101716	6	11	1.8997586	1.8951049	
Boo	3	12.538%	4	12.9876276	15.1396707	18	20	3.7137246	57	105.0625	118.1449992	131	181	18.8394379	9	41	56.7943851	69.4336847	181	22.2233402	0	2.1607143	3.7824214	5	12	1.8433302	2.2281066	
Boo	2	24.284%	3	10	13.1418101	17	20	4.453246	47	92.935307	104.5929007	116.0961194	166	17.3098173	3	40.8963625	57.2683248	70.1422886	180	22.7084205	0	2	3.1789656	4	11	1.7080648	2.5082359	
Boo	1	30.302%	2	6	9.9944971	14	20	4.9060668	29	81	91.8668075	102.3566893	148	15.5200208	3	40.6196618	57.1026995	69.9069373	180	22.9709596	0	1.2140496	2.6544123	4	11	1.5883649	2.7589598	
Bowser	0	27.74%	1	1	1	1	1	0	10	78.341573	91.7631579	104.1535191	159	19.3481013	5	36	50.7793079	62	167	20.9759423	0	1	2.4224225	3	11	1.5536553	2.9490988	
Bowser	4	6.206%	6	15	16.8495005	19	20	2.7340323	78	133.8505859	150.2052852	166.1386719	238	24.2191908	12	40.6884766	55.3341927	66.8154297	174	20.3157356	0	3	4.5249758	6	12	1.9120034	1.9355462	
Bowser	3	13.948%	4	13	15.4522179	18	20	3.4297591	57	118.0848214	134.2159449	149.9961538	230	23.6709979	11	42.0554847	57.4049326	68.8777477	170	21.1721489	0	3	4.0997993	5	11	1.8821204	2.1088328	
Bowser	2	25.396%	2	9.9832848	12.936685	16.6821162	20	4.3528191	41	104.4760199	120.1460072	135.6467236	213	22.8554238	9	43	57.868562	69.3190323	189	21.041038	0	2	3.5435502	5	11	1.8029049	2.361868	
Bowser	1	26.71%	1	4	8.2923332	12	20	5.2693527	29	92.6605512	106.8310745	121.6069731	196	21.3789802	5	41.9783951	56.9454137	68.8247059	167	21.1006275	0	2	3.0791464	4	11	1.7399945	2.5933358	
Bowser Jr	0	9.19%	1	1	1	1	1	0	29	59.5124	68.6568009	77.224	121	12.9728584	22	47	58.3375408	66.4568	143	15.9976704	0	1	2.3508161	3	8	1.3837613	2.8389554	
Bowser Jr	4	8.764%	7	15	16.7768142	19	20	2.7928531	58	107.0364583	120.1777727	132.4244792	187	18.9128687	6	36.4661458	48.1976267	57	148	16.3308226	0	3	4.2065267	5	11	1.758989	2.0109539	
Bowser Jr	3	18.176%	5	13	15.4365999	18	20	3.394123	53	93.8918822	105.524868	117	164	17.2953081	10	39.989011	51.1560299	60.2413941	133	16.1540598	0	2	3.6112456	5	10	1.7423604	2.2794894	
Bowser Jr	2	32.418%	4	9.7994859	12.9325449	16	20	4.1899978	38	81.8204565	93.1111728	104	157	16.3194324	12	42	53.3675736	62	148	16.2885935	0	2	3.0747733	4	10	1.629199	2.5345796	
Bowser Jr	1	31.452%	2	4	8.0656315	11	20	4.5786461	30	70.580825	80.6578914	90.995116	135	14.7813421	10	43.7957091	55.0770062	64	150	16.2959087	0	2	2.6355717	4	10	1.5130628	2.7482513	
Daisy	0	8.122%	1	1	1	1	1	0	60	65	66.4604777	68	74	2.1647774	18	48.4375	65.141837	77.8682851	171	22.4434187	0	1	2.3334154	3	8	1.3784634	2.7968481	
Daisy	4	14.006%	7	14	16.0815365	19	20	3.1228921	77	114.5459184	124.6819934	136	165	14.920489	11	41	56.1516493	67.8571429	174	20.8436067	0	3	4.5262031	6	12	1.8383923	1.8403541	
Daisy	3	19.798%	6	12	14.7227547	18	20	3.7305154	70	100.3442149	110.0475806	120	147	13.138467	10	43	58.2100212	70.1998874	167	20.7595112	0	3	3.8103849	5	11	1.7837729	2.1270835	
Daisy	2	32.186%	4	8	11.5671162	15	20	4.7115175	65	87.997769	95.8967874	104	128	11.4170626	12	45	60.7328652	72.8024346	181	21.4783205	0	2	3.136519	4	10	1.6587492	2.4533648	
Daisy	1	25.888%	2	3	6.8777727	9	20	4.7298758	60	74	81.3584672	88	103	8.6177347	15	46	61.473115	73.4191076	177	21.7548793	0	1.7019723	2.5928616	4	9	1.4920054	2.6989339	
Diddy Kong	0	36.842%	1	1	1	1	1	0	7	56	65.8557082	77	126	15.6325965	6	34	50.1684491	62.3098827	162	21.9138057	0	1	2.0708431	3	8	1.3704393	3.0238315	
Diddy Kong	4	3.952%	7	15	16.9448381	19	20	2.7915963	66	111.7222222	128.0146761	144	202	23.0871936	15	42.7530864	58.3729757	70.1604938	152	21.5459696	0	3	4.8071862	6	11	1.8898753	1.7069838	
Diddy Kong	3	9.814%	5	13.1779337	15.719599	19	20	3.4440976	49	95.3909465	110.1630324	124.5336077	182	21.1068085	14	43.5452675	59.2732831	71.9125514	177	21.6004369	0	3	4.0154881	5	13	1.8742201	2.046668	
Diddy Kong	2	20.932%	4	11	13.7340481	17	20	4.3159881	29	81	94.6968278	107.9612308	178	19.5461623	10	42.503776	58.6401682	71.0606864	168	22.3279178	0	2	3.2654309	4	11	1.7447098	2.3935601	
Diddy Kong	1	28.46%	3	6.9150085	10.6087907	14.4895833	20	4.8905659	28	68.6467181	81.4357695	94	144	18.4047047	7	40.6858347	57.0195362	69.8197647	179	22.6763636	0	1.2024549	2.6064652	4	11	1.5480635	2.7058327	
Donkey Kong	0	11.404%	1	1	1	1	1	0	0	50	62.4833392	80	150	21.9579807	8	37.0593112	51.6118906	62.2302296	155	20.5604229	0	2	2.7034374	4	9	1.4522393	2.6536303	
Donkey Kong	4	9.362%	7	16	17.1093783	19	20	2.5204143	40	107.0384615	124.6475112	141.2977071	223	25.4351339	12	51.1009615	66.7077548	79.2071006	161	21.748687	0	3	4.6714377	6	11	1.9544411	1.7778253	
Donkey Kong	3	20.84%	5	13	15.586981	18	20	3.1964051	27	91.9465839	108.9018234	125.4054878	217	24.5767132	11	52.8575	68.3102687	80.4596774	191	22.0420944	0	3	4.0345489	5	11	1.8876699	2.0144914	
Donkey Kong	2	35.08%	4	10	12.7081891	16	20	3.9122427	19	79.2800093	96.0868871	112.2907228	194	24.1848846	14	53.3319177	69.1654504	81.7107539	189	22.0841785	0	2	3.518073	5	12	1.7829688	2.227138	
Donkey Kong	1	23.314%	1	4	6.239898	8	20	3.8575404	10	65.4765241	82.383289	99.2571035	174	24.7623057	8	52	68.2458609	80.920702	209	22.9817547	0	2	3.1769752	4	11	1.6769125	2.3947842	
Dry Bones	0	8.348%	1	1	1	1	1	0	35	60	67.6760901	75	105	10.8658245	21	54	69.5313848	81.6492754	176	21.7089549	0	1	2.5110206	3	8	1.4502609	2.7045999	
Dry Bones	4	13.862%	5	14	15.8417256	19	20	3.391141	63	121.0072267	135.6169384	150.2764172	200	21.0331614	12	42	56.6574809	68.4907407	166	20.7633117	0	4	4.836243	6	13	1.879701	1.738133	
Dry Bones	3	21.536%	4	10.9863548	13.7869936	17	20	4.2868828	50	102	115.7181464	129.0888199	185	19.3576729	12	44	59.0602712	70.6423077	173	21.1017618	0	3	4.0740156	5	11	1.8340314	2.0297177	
Dry Bones	2	29.526%	3	7	11.1736492	15	20	4.9672581	47	89	101.4116372	113.832479	160	17.6983758	8	45.1941268	60.6173542	72	183	21.3408161	0	2	3.4285037	5	11	1.7443318	2.3193118	
Dry Bones	1	26.728%	1	1	5.9038101	9	20	5.2358923	35	74.6242823	85.4796468	96.2231102	134	15.6038523	15	47.3016658	62.5886711	73.9552239	187	21.3092387	0	2	2.859997	4	9	1.5806905	2.5743789	
Goomba	0	22.746%	1	1	1	1	1	0	19	50.2047284	57.401653	64.3340976	97	10.4112874	21	47	61.212345	71.9848617	160	19.7505507	0	1	2.0881913	3	9	1.3320097	2.928339	
Goomba	4	9.152%	5	14	16.09375	19	20	3.2542596	56	107	120.7255245	134.94	186	20.1341614	19	50	64.413243	75.18	159	20.2738116	0	3	4.6020542	6	11	1.8976396	1.8159965	
Goomba	3	15.396%	4	12	14.6204171	18	20	3.9127327	42	90	102.9572616	115.1569087	161	18.1686655	14	51	65.9631073	77.176452	175	20.2863738	0	2	3.7607171	5	11	1.8132204	2.1408158	
Goomba	2	25.792%	3	8	12.2665475	16	20	4.6795642	38	77	88.6986663	100	149	16.4218604	19	52	66.6106545	77.9718072	193	20.363135	0	2	3.1281017	4	11	1.6759496	2.4194324	
Goomba	1	26.914%	1	3	7.8830093	12	20	5.5822975	26	63	72.7344876	82.4273819	117	14.1579386	18	51	66.2396522	77.1696575	202	21.1570702	0	1	2.5366724	3	9	1.4829078	2.7057294	
Hammer Bro	0	10.226%	1	1	1	1	1	0	16	47.0196612	54.0303149	61	92	9.8227624	19	53	67.3201643	78.3740434	166	20.4350248	0	1	2.0858596	3	7	1.3216596	2.9192255	
Hammer Bro	4	12.004%	6	14	16.1677774	19	20	3.1398602	57	105	117.2124292	130	174	18.1126476	12	47.8504983	62.2044319	73.2982955	180	20.3164246	0	3	4.4366878	6	11	1.8528166	1.8595468	
Hammer Bro	3	19.414%	5	11.4596273	14.4594818	18	20	3.9261878	34	88	99.575358	111.5231059	157	16.8645444	11	49.9522975	64.4445246	75.6012191	176	20.5124392	0	2	3.63686	5	11	1.776619	2.1815185	
Hammer Bro	2	30.566%	4	8	12.0092605	16	20	4.5287769	27	75	85.9102925	97	140	15.7339284	17	51.9761423	66.3776745	77.8764493	190	20.4490069	0	2	3.0229013	4	10	1.6432052	2.4636524	
Hammer Bro	1	27.79%	2	2.9543045	6.9461537	10	20	4.9987698	25	61.3187342	71.3678302	81.7631086	118	13.9749558	16	53	67.6901044	78.8647538	179	20.55846	0	1	2.5195394	3	9	1.4760276	2.7080964	
Koopa	0	9.906%	1	1	1	1	1	0	32	57.7969697	68.0421966	77	120	14.0474247	20	48	60.8144559	70.0272727	147	18.1977078	0	1.2094156	2.4906118	3	8	1.4147712	2.7502524	
Koopa	4	8.822%	6	15	16.805713	19	20	2.7719363	58	107	121.244389	134.969184	191	20.5049858	11	39	52.9301746	63.5685764	142	18.9235147	0	3	4.3371118	5.4761285	11	1.8457715	1.9612333	
Koopa	3	18.082%	5	13	15.4192685	18	20	3.4424598	43	93	105.8670501	118	179	18.6367906	12	42.4988952	55.7560004	65.8771277	143	18.8894517	0	2.1436782	3.7168455	5	12	1.7591112	2.2223205	
Koopa	2	32.332%	3	9	12.8933756	16	20	4.2955868	35	80	92.3919955	104	164	17.6413591	11	44	57.4792156	67.6505636	184	19.1690335	0	2	3.1463566	4	11	1.6456414	2.476432	
Koopa	1	30.858%	1	5	8.1760162	11	20	4.7213315	30	69	80.162227	90.8631673	144	16.0590591	15	45	59.0141941	69.621345	169	19.4592093	0	2	2.7102858	4	9	1.5269306	2.6770367	
Luigi	0	11.036%	1	1	1	1	1	0	33	62	69.5462124	77	112	11.1503101	18	50	63.8963393	74	179	19.4346271	0	1	2.3849221	3	9	1.4358599	2.8001087	
Luigi	4	10.906%	5	14	16.1096644	19	20	3.117905	65	117.0535714	130.668256	144	201	20.0523379	9	39	53.0460297	63.3541667	142	19.3231016	0	3	4.5837154	6	12	1.8525825	1.8415551	
Luigi	3	19.252%	4	11.7350783	14.4400822	18	20	3.9325976	50	99.7356104	112.4457719	125.0596273	179	18.4354665	9	42	55.6562435	66.0099379	167	19.2647619	0	3	3.8969458	5	11	1.807991	2.1301683	
Luigi	2	29.422%	2	8	12.0236992	16	20	4.6672107	40	86.9232662	98.5393243	110.2952274	162	16.8479245	12	43.6543367	57.1491401	67.2006907	189	19.2972321	0	2	3.2612331	4	10	1.7012449	2.4237645	
Luigi	1	29.384%	1	2.404264	7.2751	10.7357651	20	5.1833489	35	74	84.2493194	94.4204231	138	15.0021592	15	45.398407	59.2350259	69.4152098	177	19.5488273	0	2	2.7506806	4	10	1.5285589	2.6593384	
Mario	0	11.092%	1	1	1	1	1	0	42	65.5471939	70.1821132	75	95	6.9522101	21	47	58.4567256	67	168	16.975397	0	1	2.3193292	3	8	1.4140521	2.849441	
Mario	4	11.798%	5	14	15.9932192	19	20	3.2994251	75	117	129.8020003	142.6062335	190	18.2826814	12	39	50.4022716	59.8806228	132	16.6147803	0	3	4.5590778	6	13	1.8249445	1.8654009	
Mario	3	18.9%	4	12	14.5264838	18	20	3.953707	61	102	113.0658201	124	168	16.0112429	12	40.2509653	52.0451852	61	163	16.5377609	0	3	3.7881481	5	12	1.7594453	2.182963	
Mario	2	30.208%	3	8	11.9072013	16	20	4.7248523	55	88	98.4695445	108.0581655	145	14.2228639	12	42.9462532	54.576536	63.5585106	141	16.9868966	0	2	3.1595604	4	12	1.6696811	2.487884	
Mario	1	28.002%	1	2	7.1399874	11	20	5.3127581	46	75.9939241	84.02057	92	130	11.5036322	15	44	55.9090065	65	145	16.8240878	0	2	2.6522391	4	9	1.4865478	2.7135919	
Monty Mole	0	15.25%	1	1	1	1	1	0	24	59	65.2128525	71	94	9.0423379	11	41.485161	55.0140328	64.9316905	171	18.8616273	0	1	2.1312787	3	7	1.3516033	2.9551475	
Monty Mole	4	10.56%	5	14	16.1456439	19	20	3.2656094	59	113	126.3535985	139.8001253	188	19.3174675	12	41	53.9564394	64.3041872	162	18.7583011	0	3	4.5539773	6	12	1.8746018	1.8626894	
Monty Mole	3	17.66%	4	12	14.5985117	18	20	3.8987229	57	97.6560829	109.1507361	121	172	17.0456265	12	42.1200893	55.6416761	65	171	18.5099534	0	2.7806122	3.7702152	5	11	1.7724699	2.1843715	
Monty Mole	2	28.846%	3	8	12.1558897	16	20	4.6721506	44	84	94.940373	105.5484245	157	15.2951428	7	43	56.7271025	67	165	18.9366747	0	2	3.0915898	4	10	1.6734777	2.5018373	
Monty Mole	1	27.684%	1	3	7.51259	11	20	5.3689219	27	70.9936698	80.0786736	89	124	13.098295	16	44	57.3482878	67.7614284	159	18.9397174	0	1	2.558951	3.8799594	9	1.5051901	2.7524202	
Normal Dice	0	9.38%	1	1	1	1	1	0	42	65	69.8471215	75	95	7.4606771	18	45.1087278	57.2859275	66.6634615	134	16.8863729	0	1	2.2722814	3	7	1.3730032	2.8897655	
Normal Dice	4	11.96%	5	14	16.0571906	19	20	3.2220613	75	116.8571429	129.1227425	142.1817043	191	18.4783336	8	37	49.3765886	58.6816609	141	16.8883602	0	3	4.5055184	6	11	1.7894534	1.8700669	
Normal Dice	3	19.604%	4	12	14.5811684	18	20	3.8912436	59	101.7095126	112.6533361	123.0976158	165	15.8530027	11	40	51.8811467	61	165	16.9042714	0	3	3.8392165	5	11	1.756168	2.1610896	
Normal Dice	2	30.544%	3	8	11.9726605	16	20	4.6432107	50	89	98.9876244	109	145	14.0960111	9	41.8947904	53.4755762	62.7857915	153	16.8131289	0	2	3.1796752	4	11	1.6586474	2.4771477	
Normal Dice	1	28.512%	1	3	7.0111234	10	20	5.0913665	47	76	84.4911616	92.9896056	127	11.6766879	11	43.6055169	55.6122334	65	148	17.2401024	0	2	2.6321549	4	9	1.4994626	2.7410915	
Peach	0	10.408%	1	1	1	1	1	0	32	60	65.1660261	71.2602041	96	8.5917367	9	38	50.9581091	60.8590226	140	18.5786902	0	1	2.0122982	3	8	1.3119516	3.0403536	
Peach	4	13.126%	5	14	15.9097973	19	20	3.2706313	71	115.1514668	127.4238915	139.7729592	179	17.7322199	3	35.5768495	48.0362639	57.6443381	138	17.8654347	0	3	4.3783331	6	11	1.8096024	1.9416425	
Peach	3	19.956%	4	11.0979908	14.366846	18	20	3.9388652	56	100.402439	111.384546	122.0589351	173	15.8042289	3	37.6922414	50.1525356	59.8100693	157	17.9744029	0	2	3.7049509	5	10	1.7734308	2.2339146	
Peach	2	30.69%	3	8	11.6124945	15	20	4.6633448	43	87	97.2338221	107.5353261	148	14.7998244	7	39	51.8001303	61.8496767	151	18.1656761	0	2	3.0412512	4	11	1.6350448	2.5383513	
Peach	1	25.82%	1	2	6.2486383	9	20	5.0220797	38	73	82.0408211	91.4366045	120	12.8592798	6	39.5103393	52.5020914	62.6357724	185	18.459291	0	1	2.4949651	3	8	1.4894198	2.8037955	
Pom Pom	0	21.54%	1	1	1	1	1	0	27	58	65.8094708	73	110	10.8391679	9	42	58.7938719	71.8363396	193	22.8679598	0	1	2.1777159	3	8	1.3766137	2.9032498	
Pom Pom	4	9.652%	6	14	15.9044758	19	20	3.2628008	66	115.9698217	128.1118939	141	197	18.8173742	10	41.6680384	58.014712	70.5730259	158	22.1956132	0	3	4.6249482	6	12	1.9113787	1.8176544	
Pom Pom	3	14.844%	4	11.5160452	14.5102874	18	20	3.9406387	48	98.0860969	110.6359472	123	178	17.9607132	9	44	60.3586634	73.3470238	177	22.3593036	0	3	3.9153867	5	11	1.8450799	2.0921584	
Pom Pom	2	26.308%	3	7.9316181	11.9578773	16	20	4.992613	40	81.0653924	93.4044397	105	153	16.9151987	12	45	61.7200091	74.714045	177	22.777246	0	2	3.1376007	4	11	1.7185883	2.449293	
Pom Pom	1	27.656%	2	2	8.3469284	13	20	5.8603475	35	68	77.709864	87	132	13.9155995	11	44	60.6525166	73	195	22.9022766	0	1	2.5426671	3.1139847	9	1.5057461	2.7361151	
Rosalina	0	25.056%	1	1	1	1	1	0	15	46	54.8347701	63	109	12.3442855	17	45	57.1319444	66.327839	157	17.4140447	0	1	1.9591315	3	7	1.2917076	3.0481322	
Rosalina	4	7.128%	5	15	16.6958474	19	20	2.8277474	55	99.2520776	112.8771044	126	182	19.851795	13	47	59.6433782	69.8240997	135	17.6670616	0	3	4.1717172	5	10	1.8038577	2.0182379	
Rosalina	3	13.906%	4	13	15.3666445	18	20	3.5094274	38	83.6570988	96.7405437	109	170	18.5013048	16	49	61.423702	71.0168219	163	18.0597303	0	2	3.47893	5	11	1.7503123	2.2910974	
Rosalina	2	26.144%	3	9	12.9618042	17	20	4.42718	22	71	82.7384486	94	146	16.7968566	21	49.7060237	62.6565177	72.9209337	173	18.2789897	0	2	2.8638311	4	9	1.6047097	2.5939412	
Rosalina	1	27.766%	2	4.8959022	8.9282398	13	20	5.1889059	21	57.9385003	68.2396456	78.2217829	133	14.9581271	20	48	60.9448246	70.7408138	158	17.9268639	0	1	2.3697328	3	9	1.4504012	2.837355	
Shy Guy	0	5.506%	1	1	1	1	1	0	40	60	65.063567	69.7397959	80	7.1917809	10	34	48.275336	58.2372449	149	19.608401	0	1.2091837	2.4649473	3	7	1.3507431	2.7878678	
Shy Guy	4	11.75%	7	14	16.4318298	19	20	2.8925568	69	109.3482143	120.4650213	131.0808271	170	15.5192869	7	33.198023	47.1230638	57.512931	150	19.1322209	0	3	4.1853617	5	11	1.8422531	2.0052766	
Shy Guy	3	19.214%	6	13	15.2292339	18	20	3.4578631	56	98.1654601	107.4702821	117	152	13.8076319	6	35.5526565	49.2941605	59.9067982	165	19.2032965	0	2	3.5661497	5	11	1.7809031	2.2700114	
Shy Guy	2	34.366%	5	9	12.8644727	16	20	4.1343984	46	86	94.647675	104	134	12.854499	6	37.6634615	51.2833033	62	173	19.3559888	0	2	2.8920445	4	10	1.639456	2.5982075	
Shy Guy	1	29.164%	3	4	7.2817957	11	20	4.5211683	36	73	80.9919764	89.1867835	109	11.1516217	9	38	52.2736936	62.6518096	170	19.7907007	0	1	2.3542724	3	9	1.4603954	2.8815663	
Waluigi	0	17.534%	1	1	1	1	1	0	28	61.7718254	68.9596213	76	111	10.9389864	4	41	56.626326	68.0573152	169	21.5786085	0	1	2.1455458	3	9	1.3596997	2.9895061	
Waluigi	4	8.574%	6	14	16.3596921	19	20	3.0870791	56	114	126.5355727	139.7202268	186	19.0870003	12	40	54.9673431	66.6502836	176	20.6637098	0	3	4.3076744	5.4678639	11	1.8162099	1.9587124	
Waluigi	3	15.978%	4	12	15.0347019	18	20	3.7541898	47	98	109.6189761	121.0220026	168	17.0279315	10	42	57.2400801	69.0628939	159	21.1831936	0	2	3.6127175	5	10	1.801369	2.2777569	
Waluigi	2	28.152%	3	9	12.7248786	16.096201	20	4.4714035	46	85.6630631	96.2782751	107	153	15.681155	13	42.9399336	58.2552572	70	183	21.4017111	0	2	3.0176186	4	10	1.6643127	2.5635124	
Waluigi	1	29.762%	2	4	8.588485	12	20	5.1027457	29	73	82.6707883	92	130	13.8074692	9	43	58.6146092	70.2875024	168	21.083746	0	1	2.5167663	3	9	1.5006677	2.8051206	
Wario	0	10.254%	1	1	1	1	1	0	30	66	76.2047981	84	114	13.0028651	7	37	53.0503218	65.6168252	162	22.1321149	0	1	1.7366881	3	8	1.3459899	3.174371	
Wario	4	16.95%	5	13	15.220885	18	20	3.7043306	77	136	150.6633628	166	215	21.1855814	8	41.5387755	56.939351	69	164	21.4720476	0	4	4.8646608	6	13	1.9088913	1.7483186	
Wario	3	21.594%	4	9	12.9595268	17	20	4.6056868	64	117	130.1245716	143.8100679	195	19.5486333	6	43.3201493	58.7628971	70.7940421	163	21.3098033	0	3	4.1570807	5	12	1.8561691	2.0333426	
Wario	2	27.79%	3	5	9.901408	14	20	5.2231236	52	102.994186	115.1438647	128	169	18.3398359	9	44	59.7472472	71.9129032	196	21.733709	0	2	3.5537963	5	12	1.7910966	2.3086002	
Wario	1	23.412%	1	1	4.0271656	5.1189908	20	4.8815303	31	88.835014	99.8158209	112	150	16.655777	6	45	60.5082863	72.8582375	189	21.8856426	0	2	2.8853579	4	10	1.6252364	2.6063557	
Yoshi	0	17.974%	1	1	1	1	1	0	25	55	62.3051074	69.7198514	99	10.6607633	13	39	51.5720485	61.0695489	158	17.6185365	0	1	2.0745521	3	9	1.3188658	3.0041171	
Yoshi	4	8.33%	6	15	16.4744298	19	20	2.9850579	57	106.3763285	119.44994	132.1888889	187	18.7872835	10	37	49.1493397	58.8589372	175	17.3241472	0	3	4.1219688	5	10	1.7861707	2.0547419	
Yoshi	3	15.926%	4	12.7239422	15.0966359	18	20	3.6407202	45	91	102.9623258	114.6907468	164	16.7296229	12	39.0188652	51.6952154	61.3874362	145	17.6058086	0	2	3.515886	5	10	1.7335633	2.3206078	
Yoshi	2	27.922%	3	9	12.7081912	16	20	4.448975	36	79	89.6338371	100	147	15.5314704	12	40	52.7714347	62.3682049	152	17.9343238	0	2	2.857675	4	11	1.5877774	2.6316166	
Yoshi	1	29.848%	2	4	8.6358472	12	20	5.0737289	32	66	75.7268159	85	126	13.5989362	12	41	53.2024926	63	159	17.7556565	0	1	2.4012329	3	8	1.442534	2.8577459	
