Character	AllyCount	Frequency	Min Turn Gained	1st Quartile Turn Gained	Avg Turn Gained	3rd Quartile Turn Gained	Max Turn Gained	Turn Gained SD	Min Distance	1st Quartile Distance	Distance Avg	3rd Quartile Distance	Max Distance	Distance SD	Min Coins	1st Quartile Coins	Coin Avg	3rd Quartile Coins	Max Coins	Coin SD	Min Stars	1st Quartile Stars	Star Avg	3rd Quartile Stars	Max Stars	Stars SD	Average Place
Boo	3	12.71%	4	13	15.1726551	18	20	3.7119155	55	105	118.2081825	131	196	18.9199297	6	39	53.5656963	64.7304702	156	20.7516783	0	2	3.6907946	5	11	1.8047673	2.2797797	
Boo	4	6.438%	6	14.7275087	16.4647406	19	20	3.0290479	75	121.8788927	135.9826033	150.0986159	194	20.5790441	7	38	52.9468779	64.0986159	150	20.402169	0	3	4.3118981	6	11	1.8536761	2.0139795	
Boo	0	26.722%	1	1	1	1	1	0	27	68.9026855	77.4254921	86	122	13.1752481	5	32	46.9892224	57.9541179	167	20.5499249	0	1	2.1329242	3	9	1.3897614	3.0702043	
Boo	1	29.97%	2	6	10.0049128	14	20	4.9094008	33	81	91.7939273	102.7590752	147	15.64475	3	38	53.1185853	64.7780251	182	20.8007056	0	1	2.5602269	4	10	1.5549955	2.8468468	
Boo	2	24.16%	3	9.957636	13.1660201	17	20	4.4637336	36	92	104.4315397	116.530404	167	17.5282114	9	39	53.4562086	64.7473684	172	20.427093	0	2	3.0582781	4	11	1.6900315	2.5908113	
Bowser	3	13.64%	4	13	15.3880597	18	20	3.4633303	61	118.0573529	134.2963343	150	233	23.5713185	9	42	56.3746334	67.6363636	157	19.9840032	0	3	4.0552786	5	12	1.8709917	2.1406158	
Bowser	4	6.326%	5	15	16.7537148	19	20	2.8296086	76	134.3164062	151.3082517	168.2578125	239	24.584286	13	40.9638672	54.6964907	66	165	19.8759561	0	3	4.5074297	6	12	1.8721865	1.937085	
Bowser	0	28.19%	1	1	1	1	1	0	8	78.3705101	91.7807024	104.7610656	166	19.527576	9	35.5576542	50.0405108	60.7346539	175	20.3199137	0	1	2.4014189	3	11	1.5311075	2.9613338	
Bowser	1	26.43%	1	4	8.2554797	12	20	5.2542421	29	92.0077614	106.4805146	121	190	21.4941689	6	40.9395219	55.4537268	67.2024096	154	20.3536115	0	2	3.0132425	4	11	1.716949	2.6443435	
Bowser	2	25.414%	2	9.6787697	12.9043632	16.6470588	20	4.3710881	32	104.9570524	120.438105	135.837464	207	22.6730816	6	42.0211318	56.8578736	68.08131	182	20.2710237	0	2	3.5448965	5	13	1.818626	2.3761706	
Bowser Jr	3	18.218%	5	13	15.4490934	18	20	3.3859871	50	93	105.2319684	117	169	17.416844	9	44	59.7942694	71.9944506	190	21.9414946	0	3	3.8353277	5	12	1.8085133	2.1275661	
Bowser Jr	4	9.028%	7	15	16.7162162	19	20	2.7954752	63	106.8877551	119.9253434	132.7888	184	18.8275753	12	40.8265306	56.9581303	69.4256	167	22.2649246	0	3	4.4937971	6	13	1.8778804	1.8819229	
Bowser Jr	0	9.202%	1	1	1	1	1	0	29	59.0536	68.3286242	76.6724	115	12.9820829	14	51	67.1586612	79.0468	197	22.0151603	0	1	2.4901108	3	10	1.4652239	2.6957183	
Bowser Jr	1	31.052%	2	4	8.0665213	11	20	4.5896315	31	70	80.6707458	91	142	14.9079507	16	48	63.996844	76.1754508	209	22.315632	0	2	2.7928636	4	10	1.5606146	2.5964833	
Bowser Jr	2	32.5%	4	9.8373397	12.9109229	16	20	4.1897387	38	81.7510625	93.1540923	104	155	16.4417558	10	46	61.9490462	73.9832281	175	22.1414971	0	2	3.2536615	4	13	1.6953222	2.3811077	
Daisy	3	19.61%	6	12	14.7313185	18	20	3.7264842	73	101	110.4066293	120	149	13.1132352	9	42	56.2019378	66.8935734	181	19.6550989	0	2.8644886	3.7742988	5	10	1.7894108	2.1610403	
Daisy	4	14.14%	7	14	16.0845827	19	20	3.111993	80	114.6928571	124.5731259	135.6534598	164	14.7918308	6	40	53.8792079	64.5842771	155	19.360515	0	3	4.4301273	6	12	1.8109748	1.8912306	
Daisy	0	8.184%	1	1	1	1	1	0	60	65	66.4758065	68	75	2.135821	12	48	62.3135386	72.9834711	155	20.2001031	0	1	2.2915445	3	7	1.3825108	2.8443304	
Daisy	1	25.404%	2	3	6.8412041	9	20	4.7303023	61	74	81.3013699	88.1721519	105	8.6756507	15	45	58.7958589	69.0124748	176	19.8027266	0	1.0896877	2.5386553	3	9	1.4809056	2.7393324	
Daisy	2	32.662%	4	8	11.5559839	15	20	4.7139887	65	88	95.9886719	104	126	11.3770309	12	44	58.305064	68.9126736	183	20.1160983	0	2	3.0797257	4	10	1.6587175	2.4809258	
Diddy Kong	3	9.79%	5	13	15.7274993	19	20	3.4857927	47	95.6155693	110.1626149	125	188	21.228686	10	40	53.1587334	63.0473251	144	18.0288253	0	2.7167353	3.8306435	5	12	1.8527292	2.1626149	
Diddy Kong	4	3.854%	8	15	16.8526207	19	20	2.7640423	64	113.5030864	129.7623249	145.1851852	195	22.6032675	14	40	53.1790348	63.7407407	162	18.0261764	0	3	4.6305138	6	12	1.8597596	1.7991697	
Diddy Kong	0	37.416%	1	1	1	1	1	0	7	56	66.0532393	77	133	15.6558887	5	31	43.8314625	53	144	17.7010513	0	1	1.9548322	3	9	1.3265442	3.1274321	
Diddy Kong	1	28.256%	3	6.4583943	10.5820977	14.3249609	20	4.9025597	28	68.7833706	81.6143828	94.1451439	151	18.4108284	7	37.5862222	50.6048273	60.8975476	149	18.4445558	0	1	2.4950453	3	9	1.5126789	2.8171716	
Diddy Kong	2	20.684%	4	11	13.7261128	17	20	4.3211329	36	81	95.0151808	108.0239396	169	19.5467017	12	40	53.0528911	62.9732283	157	18.3622629	0	2	3.1548056	4	10	1.7038286	2.4901373	
Donkey Kong	3	20.672%	5	13	15.5921543	18	20	3.1990511	26	92.121875	109.2869582	126.1669357	193	24.8018168	13	52	67.4713622	79.4861111	176	21.519983	0	3	4.0386029	5	13	1.9105276	2.0237036	
Donkey Kong	4	9.408%	7	15	17.0359269	19	20	2.5609462	41	107.0532544	124.7317177	142.0325444	214	25.3627317	17	50.852071	65.4136905	77.556213	164	21.0344963	0	3	4.6513605	6	12	1.93826	1.7855017	
Donkey Kong	0	11.652%	1	1	1	1	1	0	0	50	62.3206317	80	140	21.8671246	6	36.0325255	50.6366289	61	170	20.0067691	0	2	2.6489873	4	10	1.44775	2.6937865	
Donkey Kong	1	23.106%	1	4	6.2468194	8	20	3.8547739	10	65.0586862	81.9511815	99.3368278	177	24.5868738	11	51.6664474	66.5986324	78.8671442	192	21.6545629	0	2	3.1088895	4	11	1.6540861	2.42067	
Donkey Kong	2	35.162%	4	9.9904098	12.6900156	16	20	3.9323836	18	79.3758242	95.9668392	112.5562569	191	24.2398778	15	53	68.4477561	80.3945128	182	21.660421	0	2	3.4773904	5	12	1.7878535	2.2568113	
Dry Bones	3	21.766%	4	11	13.8385446	17	20	4.2403941	51	101.869982	115.2038041	128.8029789	178	19.3329351	12	44.1435574	60.0598181	72.0514706	181	21.6642708	0	3	4.0640448	5	11	1.8727398	2.0319765	
Dry Bones	4	14.182%	5	14	15.8861938	19	20	3.3525335	64	120.6534091	135.4803272	150.2206637	203	21.2574126	13	42	57.3305599	68.9282407	160	20.9637934	0	4	4.8328868	6	12	1.8755893	1.7241574	
Dry Bones	0	8.272%	1	1	1	1	1	0	35	60	67.4709865	75	105	10.8371375	18	54.1507246	69.6943907	80.9671498	172	21.3689028	0	1	2.4622824	3	10	1.4340866	2.7183269	
Dry Bones	1	26.49%	1	1	5.8938601	9	20	5.175545	39	75	86.0356361	97	139	15.5766403	8	47.739707	63.2061155	75.0082522	173	21.6037155	0	2	2.8691582	4	11	1.5934523	2.5563609	
Dry Bones	2	29.29%	3	7	11.2007419	15	20	4.9521378	43	88.7751397	101.1621031	113.7979199	158	17.7267318	6	45.4025	60.8682827	72.2517974	200	21.501581	0	2	3.4365312	5	11	1.751364	2.3157392	
Goomba	3	15.382%	4	12	14.6107881	18	20	3.9416775	44	90.5341199	103.2753868	115.7025586	170	18.0184058	20	50	63.9457808	74.3200549	168	19.4327447	0	2.0586735	3.7389156	5	12	1.7852362	2.1452347	
Goomba	4	9.386%	5	14	16.1595994	19	20	3.2420455	56	106.8391272	120.6326444	134.7448225	180	20.0037748	22	49.0377219	62.6842105	72.4641272	170	19.1055922	0	3	4.5324952	6	11	1.8685946	1.8429576	
Goomba	0	22.694%	1	1	1	1	1	0	16	50.0713583	57.4239006	64.1269531	94	10.3759295	19	46	59.3193796	68.6549296	162	18.4457851	0	1	2.075791	3	8	1.325191	2.9539967	
Goomba	1	26.794%	1	3	7.8059659	12	20	5.5635337	28	63	73.0962156	83	120	14.1355971	19	50.231115	64.4452489	75.1134572	174	19.5288367	0	1	2.5134732	3	9	1.4926062	2.7297156	
Goomba	2	25.744%	3	8	12.2361023	16	20	4.6973965	33	76.6809117	88.4174177	100	148	16.6166803	18	51	65.1533561	75.8808981	182	19.6733132	0	2	3.0955562	4	9	1.665802	2.4439093	
Hammer Bro	3	19.93%	5	12	14.5265223	18	20	3.8751433	39	88	99.7978926	111.6396871	160	16.9141659	18	48	60.0112393	69.8090607	163	16.9741835	0	2	3.538585	5	11	1.7169038	2.2508781	
Hammer Bro	4	11.666%	6	14	16.2254415	19	20	3.0876266	57	104.5640244	116.4901423	128.9041353	177	18.1223327	18	45.2780612	57.6332933	67	161	16.9542532	0	3	4.279616	5	11	1.7978093	1.9297103	
Hammer Bro	0	10.248%	1	1	1	1	1	0	19	47	53.8132319	60.7797943	92	9.8032983	28	50.130102	62.4182279	71.6772959	142	16.6148496	0	1	2.0515222	3	8	1.3027622	2.9640906	
Hammer Bro	1	28.068%	2	2.9592944	6.9546083	10	20	5.0197767	25	61	71.1973065	81	119	13.9343384	18	51	63.1928174	72.9722117	161	17.2093222	0	1	2.4264643	3	8	1.4533409	2.7901525	
Hammer Bro	2	30.088%	4	8	11.9912781	16	20	4.4984223	34	75	86.0604228	97.1463704	138	15.7624365	19	49.9370614	61.7839006	71.109037	159	17.1840268	0	2	2.9375831	4	9	1.6091501	2.5468625	
Koopa	3	18.298%	5	13	15.391886	18	20	3.4295553	45	92.6871818	105.9615258	118.1635338	201	18.9295293	12	45	61.3237512	73.3190008	164	22.4134216	0	3	3.8120013	5	11	1.83458	2.1346595	
Koopa	4	9.062%	6	15	16.7378062	19	20	2.8113853	63	107	121.7715736	135.766	206	20.7980302	7	41.272	57.749062	70.64	158	22.2676566	0	3	4.4734054	6	13	1.8437979	1.8684617	
Koopa	0	9.468%	1	1	1	1	1	0	32	57	67.0889311	76	122	13.8295157	18	50.2011834	66.534643	78.6427515	181	22.0887704	0	1.4304734	2.5038023	3	9	1.4396339	2.6968737	
Koopa	1	30.486%	1	5	8.130186	11	20	4.6765853	34	69	80.2667454	90.8659933	152	15.8910535	16	47.6436693	63.9566358	76.2649684	185	22.5941292	0	2	2.8276586	4	10	1.5714574	2.5744276	
Koopa	2	32.686%	3	9.429434	12.8803584	16	20	4.2664879	41	80.9022346	92.8354035	104.0927485	167	17.4765185	12	46.5790383	62.6026433	74.9443642	195	22.1462677	0	2	3.2520345	4	10	1.6657789	2.3860368	
Luigi	3	18.904%	4	12	14.54165	18	20	3.9323701	50	99.011542	111.8573847	124	176	18.4189724	6	41	53.1336225	62.228833	143	16.9464325	0	2.9090909	3.796551	5	11	1.7742864	2.1820779	
Luigi	4	11.012%	5	14	16.3098438	19	20	3.0948033	60	116.0235969	129.9696695	143	203	19.6718814	9	38	50.1523792	59.0790843	138	17.0296485	0	3	4.485652	6	12	1.8022147	1.9008355	
Luigi	0	11.272%	1	1	1	1	1	0	33	62	69.4893542	76.994898	109	11.300797	13	49.1020408	61.5111781	70.5758065	152	17.2943677	0	1	2.3470546	3	8	1.4052245	2.8314407	
Luigi	1	29.17%	1	2.5177165	7.2448607	10.5933818	20	5.1375128	37	74	84.4332533	94.9255007	140	14.8833961	13	44	56.3057936	65.2832168	170	17.0662227	0	2	2.7096332	4	9	1.5272476	2.6899554	
Luigi	2	29.642%	3	8	12.1020518	16	20	4.6719038	45	86.8599104	98.2725862	109.9985326	159	16.8263891	8	42	54.3638756	63.6931868	154	17.1817493	0	2	3.206059	4	11	1.6450143	2.464746	
Mario	3	18.682%	4	11.7633885	14.4645464	18	20	3.9504121	58	101.1656863	112.9819077	124.5457031	169	16.0624915	13	41.0250319	53.890804	63.8657738	135	17.8321481	0	3	3.8431645	5	11	1.7799161	2.1587624	
Mario	4	12.006%	5	14	15.9030485	19	20	3.2946677	71	118	130.4832584	143	190	17.9559545	9	39	51.5099117	61.0100806	145	17.6697269	0	3	4.6051974	6	12	1.8172512	1.8399134	
Mario	0	11.282%	1	1	1	1	1	0	43	65	70.2926786	75	95	7.2145408	21	47	59.7840808	69.3403499	165	17.9679885	0	1	2.3057968	3	8	1.4094107	2.8498493	
Mario	1	28.01%	1	2	7.1430826	11	20	5.34094	46	75.9202733	84.0387005	92	126	11.565164	15	45	57.4919672	67.0190034	176	18.2155219	0	2	2.6694038	4	10	1.5219292	2.6893252	
Mario	2	30.02%	3	8	11.8494103	16	20	4.7526367	49	88	98.6309793	109	145	14.4813855	9	43	55.7346436	65.1433333	148	17.8814552	0	2	3.2162558	4	10	1.688264	2.4419054	
Monty Mole	3	17.432%	4	12	14.537517	18	20	3.9279042	54	97.8107607	109.2985314	121	172	17.0019612	11	42	54.77352	64.7678063	159	18.18565	0	2	3.7241854	5	12	1.7749384	2.2086966	
Monty Mole	4	10.582%	5	14	16.001512	19	20	3.2562107	58	113.0911654	126.5940276	140.0838691	187	19.1113478	11	40.0199637	52.5356265	62.0507015	161	17.6667209	0	3	4.4108864	6	11	1.8441822	1.9192969	
Monty Mole	0	15.512%	1	1	1	1	1	0	29	59	65.1150077	71	95	8.9885135	16	41	53.8238783	63	150	18.3349565	0	1	2.1095926	3	8	1.3386606	3.0030944	
Monty Mole	1	27.938%	1	3	7.5353423	11	20	5.3813528	39	71	80.1189777	89	125	12.8087812	15	43.7400495	56.6444269	66.8917125	161	18.2452154	0	1	2.534326	3.2269225	9	1.503707	2.775145	
Monty Mole	2	28.536%	3	8	12.1383554	16	20	4.668834	34	84	95.1009952	105.9153846	146	15.3239284	12	43	56.1747267	66.1362963	167	18.1986504	0	2	3.0845949	4	10	1.6575069	2.5005607	
Normal Dice	3	19.64%	4	12	14.5331691	18	20	3.9047089	59	101.4256757	112.7845214	123.9811828	166	15.878132	12	42.8668356	57.1841141	68.1333333	172	20.2651998	0	3	3.9644603	5	11	1.8063758	2.0774949	
Normal Dice	4	12.016%	5	14	16.1216711	19	20	3.2250285	75	117	129.2934421	141.5306122	201	18.1675772	11	40	54.4500666	65.5	160	20.4860993	0	3	4.6634487	6	12	1.8474392	1.7949401	
Normal Dice	0	9.536%	1	1	1	1	1	0	46	65	69.838297	75	98	7.4486262	15	48	63.0929111	74.1683599	173	21.1398638	0	1	2.3619966	3	7	1.4020893	2.7967701	
Normal Dice	1	28.296%	1	3	6.9873983	10	20	5.0947704	43	76	84.4814108	93	129	11.8447278	14	46	60.9015409	72.3907975	179	20.6694707	0	2	2.7593299	4	11	1.5518901	2.6343653	
Normal Dice	2	30.512%	3	8	11.9255887	16	20	4.6555215	54	89	99.1528579	109	155	14.3575437	9	44.0207246	58.909216	69.9840412	173	20.6135237	0	2	3.3018485	4	11	1.7029884	2.3849633	
Peach	3	20.036%	4	12	14.3939013	18	20	3.861761	57	100.0733871	111.086644	122	165	15.9440677	7	39	54.1717908	65.6841878	163	20.6788546	0	3	3.8093432	5	11	1.7927074	2.1543222	
Peach	4	13.348%	5	14	15.9694336	19	20	3.2504527	66	115.1473214	127.339077	139	190	17.4555288	10	37.5204082	51.9934073	63.0799574	153	20.364022	0	3	4.517231	6	12	1.8110687	1.8540605	
Peach	0	10.2%	1	1	1	1	1	0	32	60	65.2564706	71.9805195	92	8.4939256	10	39.3214286	54.0029412	65.2653061	150	20.4755663	0	1	2.0266667	3	9	1.3375697	2.9996078	
Peach	1	25.632%	1	2	6.2107795	9	20	4.9972625	40	73	82.0845818	91.4845901	128	12.9407571	7	41.2176037	56.5152934	68	168	21.0722129	0	1	2.5983146	4	9	1.5280391	2.7248752	
Peach	2	30.784%	3	8	11.6265428	15.1026232	20	4.6385675	46	87.728131	97.3560941	107.7435048	145	14.6969147	9	41	55.3290021	66.7056727	167	20.4038997	0	2	3.1426065	4	11	1.6882093	2.4637474	
Pom Pom	3	15.112%	4	11.8068182	14.5940077	18	20	3.9517665	52	98	110.5415564	123	197	17.5492197	12	43	58.4146374	70.0617284	174	21.3578994	0	3	3.8520381	5	11	1.8346331	2.1365802	
Pom Pom	4	9.386%	6	14	15.9354358	19	20	3.3069878	57	115.2599852	128.0747922	141	187	18.936292	12	40.5173817	56.265928	68.2847633	157	21.6267375	0	3	4.6288089	6	13	1.8748043	1.8214362	
Pom Pom	0	21.48%	1	1	1	1	1	0	27	58	65.6202048	73	115	10.8975926	11	41	56.2920857	67.4550547	165	21.2629339	0	1	2.1243017	3	8	1.3517027	2.9468343	
Pom Pom	1	27.546%	2	2	8.3431482	13	20	5.8570357	35	67.9240959	77.7976476	87	128	13.9847212	12	43	58.6983954	70.5612797	173	21.6372091	0	1	2.538227	3.0729291	9	1.5156466	2.7393451	
Pom Pom	2	26.476%	3	7.9808438	12.0063169	16	20	4.9746798	41	81	93.4767336	105.123197	152	16.9067283	11	44	59.6764617	71.9114551	170	21.8359043	0	2	3.1000906	4	11	1.6995236	2.4870071	
Rosalina	3	13.872%	4	13	15.3083675	18	20	3.527278	43	84	97.2177047	109.7380307	170	18.3557975	16	52.6984127	68.9429066	81.7143784	181	22.7588196	0	2	3.6087082	5	11	1.8159248	2.2091984	
Rosalina	4	7.09%	6	15	16.5994358	19	20	2.8898538	48	99	113.0502116	126	180	19.7030928	22	51	67.2180536	80.0131579	187	22.7272194	0	3	4.3633286	6	12	1.9056765	1.8956276	
Rosalina	0	24.962%	1	1	1	1	1	0	16	46	54.7722138	63	108	12.4154295	21	48	64.5190289	76.7753901	203	22.1125957	0	1	2.0457495	3	8	1.3373064	2.950645	
Rosalina	1	28.124%	2	4.1634982	8.8794477	12.9978639	20	5.173139	19	58	68.6821931	78.8938148	130	15.1268394	21	52	68.4351444	81	206	22.6287501	0	1	2.4890485	3	11	1.5000548	2.7258569	
Rosalina	2	25.952%	3	9	12.9129897	17	20	4.4414664	28	71	82.9456689	94.3503951	149	17.0253644	19	53	69.9556104	82.946988	188	22.9907477	0	2	3.0164149	4	10	1.6530877	2.4765721	
Shy Guy	3	19.4%	6	13	15.2821893	18	20	3.4061757	61	98	107.1056701	117	151	13.7337897	6	35.6890756	48.9176289	59.0786627	161	18.9404579	0	2	3.548866	5	11	1.7613209	2.2821649	
Shy Guy	4	11.806%	7	14.0841837	16.4738269	19	20	2.8577343	67	109.0264668	120.3386414	131	171	15.4637283	3	34	46.7594444	56.8140913	152	18.5010652	0	3	4.2231069	5	11	1.8415632	1.9932238	
Shy Guy	0	5.452%	1	1	1	1	1	0	36	60	64.9640499	72	80	7.2860654	9	34	47.975055	58.7627551	148	19.4511664	0	1	2.4427733	3	8	1.3402418	2.7861335	
Shy Guy	1	29.158%	3	4	7.2753099	11	20	4.5159058	40	73	81.0511695	89	110	11.1155651	9	38.3140343	52.4504424	62.8982647	164	19.915703	0	1	2.3600384	3	11	1.4638137	2.8727622	
Shy Guy	2	34.184%	5	9	12.8718153	16	20	4.1048864	48	86	94.7717061	104	132	12.8253384	9	38	51.571905	61.8310542	171	19.3923949	0	2	2.9186169	4	10	1.6480278	2.5937281	
Waluigi	3	15.888%	4	12	14.9789061	18	20	3.7219455	55	98.2176871	109.7721551	121.3826531	179	17.0020273	12	38.9787284	50.0073011	59	134	16.0756472	0	2	3.4453676	5	11	1.719735	2.398288	
Waluigi	4	8.574%	5	14.3233117	16.4037789	19	20	3.0488618	65	113.0150709	126.1180313	139	196	19.3121648	11	37	48.278983	57	122	15.9332812	0	3	4.0279916	5	11	1.7682793	2.1163984	
Waluigi	0	17.524%	1	1	1	1	1	0	27	62	68.7663775	76	115	10.9868921	12	38	49.6687971	58.8592751	126	16.4229119	0	1	2.0188313	3	8	1.3138028	3.1087651	
Waluigi	1	30.072%	2	4	8.5838789	12	20	5.0710681	34	73	82.7987497	92.1866667	129	13.9144887	9	40.2368577	51.8211625	60.9815919	144	16.3939312	0	1	2.3837457	3	9	1.4423798	2.9221868	
Waluigi	2	27.942%	3	9	12.7378444	16.4164893	20	4.4697469	39	85	96.2991196	107	152	15.7842555	10	39.9588154	51.0640613	60	133	16.0889057	0	2	2.8562021	4	9	1.601394	2.7059624	
Wario	3	21.772%	4	9	12.9613173	17	20	4.6365859	58	116.5338983	129.9706963	144	195	19.8302869	10	44.0097267	59.8254639	72.0384706	173	21.8906733	0	3	4.17325	5	13	1.877354	2.0280176	
Wario	4	16.488%	5	12.2640306	15.1403445	18	20	3.7336514	75	136.5918367	151.138525	166	218	21.1723416	12	42.3531985	57.9295245	70.0056911	169	21.5613948	0	4	4.8709364	6	14	1.9202525	1.758491	
Wario	0	10.576%	1	1	1	1	1	0	24	66	76.1879728	84	120	13.0445614	4	37	53.6828669	66.364699	158	22.654392	0	1	1.7360061	3	7	1.3391764	3.154879	
Wario	1	23.722%	1	1	4.0851449	5.5919724	20	4.9189778	42	88.3297744	99.7382177	111.8484337	149	16.5721518	9	46	61.859624	74.7789254	176	22.5529593	0	2	2.9258073	4	10	1.6168406	2.5744878	
Wario	2	27.442%	3	5	9.9344008	14	20	5.2526258	43	102	114.6725457	127.7952454	173	18.365964	12	45	60.5181838	72.9130516	183	22.083383	0	2	3.5735005	5	11	1.7831603	2.2872968	
Yoshi	3	15.66%	4	12.7014865	15.0751077	18	20	3.656034	50	91	102.9597701	114.8943662	162	17.0737351	11	39	52.1042146	62	165	18.2872739	0	2	3.487484	5	11	1.74206	2.3295019	
Yoshi	4	8.492%	6	15	16.4726802	19	20	2.990105	59	107	119.4799812	132.1361059	187	18.6309688	12	38	50.1467263	60	146	17.4234588	0	3	4.1961846	5	12	1.8170944	2.0101272	
Yoshi	0	17.766%	1	1	1	1	1	0	28	55	62.4599797	70	102	10.673812	10	39.1106029	52.2388833	61.9800937	154	18.3112393	0	1	2.075425	3	8	1.3245857	3.0033772	
Yoshi	1	29.696%	2	4	8.6350415	12	20	5.0478929	29	66	76.0148168	85	120	13.5410971	8	41	53.5261315	63	158	18.1990459	0	1	2.4258486	3	10	1.4559896	2.8446929	
Yoshi	2	28.386%	3	9	12.7691576	16.6204744	20	4.4644095	39	78.1231644	89.2430776	100	148	15.5708389	9	40.9986486	53.5108856	63	156	18.0653529	0	2	2.8616219	4	10	1.5798845	2.6246037	
