Character	AllyCount	Frequency	Min Turn Gained	1st Quartile Turn Gained	Avg Turn Gained	3rd Quartile Turn Gained	Max Turn Gained	Turn Gained SD	Min Distance	1st Quartile Distance	Distance Avg	3rd Quartile Distance	Max Distance	Distance SD	Min Coins	1st Quartile Coins	Coin Avg	3rd Quartile Coins	Max Coins	Coin SD	Min Stars	1st Quartile Stars	Star Avg	3rd Quartile Stars	Max Stars	Stars SD	Average Place
Bowser	0	27.7528%	1	1	1	1	1	0	4	77.9020552	91.4190352	104.2433593	176	19.5121398	3	35	49.2000663	59.9860163	181	19.9594494	0	1	2.2767505	3	10	1.5108997	2.9868554	
Bowser	1	26.563%	1	4	8.2683177	12	20	5.2012199	21	91.9669084	106.5543651	120.9982864	194	21.5470201	6	40.6390607	55.0606332	65.991276	208	20.4095076	0	2	2.9394647	4	11	1.6985643	2.6366901	
Bowser	2	25.6912%	2	9.9929403	12.9482972	16.6980198	20	4.3248339	27	104.9663052	120.567564	135.9828932	216	22.7332542	6	42	56.2853584	67.139886	199	20.1330371	0	2	3.4768403	5	12	1.8127514	2.3745485	
Bowser	3	13.793%	4	13	15.4707047	18	20	3.4359608	42	118.0033945	134.4488074	150.6184089	227	23.6102161	0	41.1286555	55.4571449	66.1639634	183	19.8209423	0	3	3.9886754	5	13	1.8676663	2.1290365	
Bowser	4	6.2%	5	15	16.8666129	19	20	2.7660933	61	133.6148035	150.5258065	167.0574279	247	24.8304115	8	39.7993472	53.6278387	64.2290185	172	19.5579976	0	3	4.4481935	6	13	1.8722317	1.9262581	
Boo	0	23.656%	1	1	1	1	1	0	17	68.6310524	77.4298698	86.0392639	130	13.256575	0	32.7823196	47.0796923	57.9726053	174	20.3450454	0	1	2.0548698	3	9	1.3586977	3.079557	
Boo	1	29.0164%	2	5	9.1364718	13	20	5.0433556	29	82	92.7272301	103.3803777	150	15.6357518	3	38.9970854	53.5139852	64.999155	189	20.6950677	0	1	2.528894	3.2855468	11	1.5482333	2.8144291	
Boo	2	25.3116%	3	9	12.5733948	16.2500106	20	4.6309115	40	94	106.0915154	117.9969245	180	17.6196225	3	39	53.6583306	64.9563695	191	20.2196184	0	2	3.0720855	4	12	1.6963026	2.5440905	
Boo	3	14.2524%	4	12	14.8086755	18	20	3.8813778	46	106.9982417	119.8710673	132.9575319	195	18.9862508	0	39	53.3598832	64.0967098	178	19.9843272	0	2	3.6784401	5	13	1.7881406	2.2435941	
Boo	4	7.7636%	5	14	16.27902	19	20	3.1518368	58	123	137.6640218	151.9937313	223	20.8973199	3	38	52.2279097	62.9196148	162	19.4837796	0	3	4.3184347	5.7002775	14	1.8495002	1.9556391	
Bowser Jr	0	8.845%	1	1	1	1	1	0	26	59.2184101	68.4731487	76.9835376	126	13.040434	15	49.0227509	63.9179423	74.8032953	188	20.4021387	0	1	2.2772188	3	9	1.4059978	2.7967891	
Bowser Jr	1	31.076%	2	4	7.9650705	11	20	4.6027634	27	70.1717043	80.7684773	90.998774	153	14.9767338	6	46	60.6233621	71.6272078	197	20.5011125	0	1	2.59238	4	11	1.5214284	2.680242	
Bowser Jr	2	32.5016%	4	9	12.8552539	16	20	4.2339023	34	81.9378149	93.1104007	104	163	16.4954225	6	44	58.7067221	69.7670761	192	20.4963885	0	2	3.0406503	4	11	1.6622309	2.4756689	
Bowser Jr	3	18.272%	5	13	15.3663362	18	20	3.4430837	37	93.3065849	105.7241353	117.9121263	180	17.7390263	9	42	56.4574978	67.1291255	186	20.2649404	0	2	3.6204904	5	13	1.7754888	2.2078919	
Bowser Jr	4	9.3054%	6	15	16.7181422	19	20	2.8033986	55	107	120.4494595	133.4190566	200	19.1580237	6	39	53.3454123	63.9459566	180	20.1168946	0	3	4.2647065	5	13	1.8337873	1.9326413	
Daisy	0	8.1558%	1	1	1	1	1	0	60	65	66.607445	68	76	2.179493	15	47.8545449	62.3081978	73.3372273	190	20.6783229	0	1	2.1278599	3	9	1.341249	2.9008313	
Daisy	1	25.2564%	2	3	6.7910962	9	20	4.7442363	60	74	81.4021476	88.0852894	104	8.6268987	9	45	59.4584422	70.0118799	183	20.3988947	0	1	2.4363171	3	10	1.4702521	2.7619059	
Daisy	2	32.4312%	4	7.9355117	11.4975025	15	20	4.7232279	63	88	96.0713695	104.0527108	128	11.3935184	9	44.5439041	59.1725437	70.0053715	198	20.6868638	0	2	2.9959052	4	14	1.6603644	2.4924332	
Daisy	3	19.8288%	6	12	14.6722039	18	20	3.7371017	68	101	110.5040648	120	149	12.9674153	6	42.2639096	57.0306625	67.9782302	201	20.3785983	0	2	3.6805152	5	12	1.7883088	2.1733741	
Daisy	4	14.3278%	7	14	16.029523	19	20	3.1314679	75	114.9957241	124.7515878	135.9472161	172	14.6560606	6	40	54.7834699	65.9203128	195	20.3602616	0	3	4.3721576	6	13	1.8372209	1.882564	
Diddy Kong	0	39.4168%	1	1	1	1	1	0	0	56	66.3076708	77	133	15.4749031	4	33	47.5618214	58.2793037	182	20.3492194	0	1	1.9901057	3	10	1.3440808	3.0337267	
Diddy Kong	1	28.475%	3	7	11.0954291	15	20	4.8340833	21	68.9608173	81.2610641	93.6083595	150	17.9696886	3	39	53.794669	64.9759777	185	20.7135441	0	1	2.4722388	3	11	1.5011474	2.7677331	
Diddy Kong	2	19.5554%	4	11	13.8573075	17	20	4.2508393	29	80.78447	94.0663858	106.9839611	173	19.2095993	5	41.3761306	56.0992565	66.9948943	186	20.5069762	0	2	3.0852143	4	12	1.6639928	2.4631457	
Diddy Kong	3	8.9684%	5	13.5796287	15.7757154	19	20	3.4132216	37	94.8568947	109.1296106	122.9177227	190	20.5594172	9	42	56.5683734	67.5498914	174	20.2532409	0	2.1846549	3.7647741	5	13	1.8061763	2.1449311	
Diddy Kong	4	3.5844%	6	15	17.0060819	19	20	2.6829274	53	112	127.6551724	142.9215154	208	22.0492127	9	42	55.9526839	66.4754385	180	19.8148836	0	3	4.5307443	6	13	1.8657599	1.8203883	
Donkey Kong	0	13.7402%	1	1	1	1	1	0	0	50	62.6298016	80	160	21.1820023	3	36	50.5633542	61.1258584	185	20.4878953	0	1	2.2310883	3	9	1.4144361	2.8889245	
Donkey Kong	1	20.1876%	1	3	5.4115961	7	20	3.8068222	10	67.9034023	84.0740653	100.8175314	185	24.252601	6	52	68.0029721	80.9227277	199	22.6038722	0	2	3.0361113	4	12	1.6569374	2.4195546	
Donkey Kong	2	33.0562%	3	9	12.0075312	15	20	4.0250754	17	81.6584102	98.183427	114.8932743	215	24.4617831	6	53.9953932	69.5999056	81.993481	229	22.0711573	0	2	3.4775383	5	13	1.8120776	2.220957	
Donkey Kong	3	21.8764%	5	13	15.2074146	18	20	3.3146792	25	93.9923188	111.0298678	127.4710134	224	24.5587111	11	53	68.6159332	80.9312805	204	21.8367829	0	3	4.0400523	5	14	1.8969096	1.9758461	
Donkey Kong	4	11.1396%	6	15	16.8782362	19	20	2.6085614	36	108.5581989	126.059266	143.1008688	243	25.4247558	12	51.6628074	66.9082732	78.9668714	185	21.6943877	0	3	4.7199181	6	14	1.9587964	1.7212467	
Dry Bones	0	7.9016%	1	1	1	1	1	0	30	60	67.3126962	75	110	10.8110397	21	53	67.4344183	78	196	20.40989	0	1	2.3430191	3	9	1.4135817	2.7588337	
Dry Bones	1	26.0806%	1	1	5.670548	9	20	5.1573267	30	75	86.0772452	97	147	15.7226097	9	46.1730839	60.9513508	71.9030527	201	20.4276731	0	2	2.7171461	4	11	1.5509761	2.6186514	
Dry Bones	2	29.4562%	3	7	11.0924932	15	20	4.9269367	36	89	101.6445434	113.9887428	163	17.6407724	7	44.3401402	59.0421439	69.9618831	198	20.4538021	0	2	3.2921422	4	13	1.7208226	2.3527135	
Dry Bones	3	21.9818%	4	10.9700912	13.7424949	17	20	4.2648086	45	102.4290391	115.7839667	129	189	19.1589679	6	43	57.5846291	68.6719467	203	20.504544	0	3	3.9050396	5	13	1.8233497	2.0751986	
Dry Bones	4	14.5798%	5	13.8952058	15.7806691	19	20	3.3890156	57	121.3207766	135.7641394	150.0631304	207	20.682769	5	40.9086375	55.3682355	66.4707488	183	20.4715166	0	3	4.7080481	6	14	1.8729278	1.7510803	
Goomba	0	22.4628%	1	1	1	1	1	0	12	50	57.2572609	64	97	10.3669521	16	46.9825627	61.2342985	71.6632619	211	20.0805498	0	1	1.9196004	3	8	1.2947133	2.9884164	
Goomba	1	26.6336%	1	3	7.8213786	12	20	5.5896255	19	62.9904812	72.9616499	82.9851562	132	14.2163687	16	51	66.328187	77.7707667	207	21.092569	0	1	2.384244	3	10	1.4750662	2.7496621	
Goomba	2	25.902%	3	8	12.2003316	16	20	4.7192423	31	76.9905534	88.4491082	99.9727718	153	16.5108833	12	52	67.0612462	78.5538715	201	21.0735222	0	2	2.9456104	4	12	1.6601375	2.4751371	
Goomba	3	15.4886%	4	12	14.56306	18	20	3.9632161	37	90	103.0986145	115.4399803	176	18.0518287	17	51.3775299	66.3528143	77.7183833	208	20.9373105	0	2	3.6374624	5	12	1.8116985	2.1564506	
Goomba	4	9.513%	5	14	16.0424682	19	20	3.2701042	51	107	121.1883318	135	189	19.9401801	14	49.9918668	64.7936298	76.1388535	188	20.8517235	0	3	4.4894776	6	13	1.9072027	1.8128246	
Hammer Bro	0	10.603%	1	1	1	1	1	0	17	47	54.0342922	61	92	9.727683	17	53	67.4148826	77.9741226	192	20.4818203	0	1	1.9350561	3	8	1.2914843	2.9655192	
Hammer Bro	1	28.2116%	2	2	7.0921888	10	20	5.0757194	19	61	70.9941301	80.9878716	122	13.7301524	16	53.3523627	68.393597	79.9057602	204	21.0096206	0	1	2.3388961	3	10	1.4521911	2.7675212	
Hammer Bro	2	30.258%	3	8	12.047021	16	20	4.5788213	23	74.9153157	85.7897548	96.9960101	140	15.7805319	9	51.9992221	66.8460771	77.9860117	196	20.9520058	0	2	2.8492564	4	11	1.6214451	2.5209928	
Hammer Bro	3	19.429%	4	11.9850451	14.4978498	18	20	3.9505981	36	87.1006973	99.286551	111	167	17.1072165	15	50	64.961892	75.9699875	188	20.77291	0	2	3.4763807	5	13	1.7648003	2.2322096	
Hammer Bro	4	11.4984%	6	14	16.1054755	19	20	3.1612885	49	105	117.4132749	130.0896015	186	18.439376	9	48	62.7948584	73.9568393	192	20.6510892	0	3	4.3169658	5.9679898	12	1.8668216	1.8789745	
Koopa	0	9.3198%	1	1	1	1	1	0	27	57	67.4323483	76.0690177	131	13.8592453	11	48.3501456	63.0961823	73.9652668	195	20.470846	0	1	2.3254576	3	10	1.4094568	2.7916264	
Koopa	1	30.4378%	1	5	8.068564	11	20	4.6566547	29	69	80.3597041	90.9901304	155	15.9692323	9	46	60.6550605	71.6470794	196	20.6488936	0	1.9956594	2.6257811	4	10	1.5195461	2.6669207	
Koopa	2	32.4508%	3	9	12.8444185	16	20	4.2542451	36	80.9707345	92.9932205	104.1323117	179	17.4713825	11	44.3306634	59.1038927	69.9895741	188	20.4907944	0	2	3.0658227	4	12	1.6629525	2.4648452	
Koopa	3	18.7096%	4	13	15.3802444	18	20	3.4345788	44	92.9765529	105.8478749	117.9762004	190	18.6897402	9	42.9593903	57.1416064	67.9693763	191	20.2785408	0	2	3.5994035	5	12	1.7763845	2.2205499	
Koopa	4	9.082%	6	15	16.7521691	19	20	2.7929699	53	106.9581811	121.0990531	134.2884285	209	20.4787473	5	40	54.454107	65.2412689	185	20.2250294	0	3	4.2761506	5.0442621	13	1.8256599	1.9271086	
Luigi	0	10.77%	1	1	1	1	1	0	32	62	69.5038812	77	114	11.1979369	15	51	65.5130176	75.9985535	194	20.4461407	0	1	2.3036026	3	9	1.396317	2.7865367	
Luigi	1	28.7244%	1	2	7.0635033	10	20	5.1211618	29	74	84.7037014	95	143	14.9505924	11	46.0038096	60.9370709	71.9457421	191	20.5320316	0	1.9999358	2.6655248	4	11	1.5472003	2.6463146	
Luigi	2	29.32%	2	8	11.8907043	16	20	4.7111304	35	87	98.6990655	110	164	16.9048434	6	44.0737838	58.9143793	69.9584031	184	20.3929343	0	2	3.1911596	4	12	1.6987736	2.4052319	
Luigi	3	19.7972%	3	11.1049757	14.3786748	18	20	3.9946773	47	99.9395938	112.483725	125	184	18.3281781	6	42.9737307	57.2648051	68.0653695	190	20.324562	0	2.9948412	3.8139232	5	12	1.8119068	2.1199968	
Luigi	4	11.3884%	5	14	16.1373678	19	20	3.1770806	59	117.3774817	130.9721822	144.6848867	203	19.8739742	8	40.4051338	55.075814	66.1054802	181	20.2964955	0	3	4.580503	6	14	1.8538808	1.7998841	
Mario	0	10.6282%	1	1	1	1	1	0	41	65	70.3291997	75	103	7.11041	15	48.9837723	63.2603075	73.96137	184	20.3600817	0	1	2.2173275	3	9	1.3831692	2.8424757	
Mario	1	27.5224%	1	2	6.9781117	10.2692952	20	5.2631084	42	76	84.2370505	92.2391665	128	11.5443259	11	46	60.764817	71.6819952	205	20.438874	0	1	2.588735	4	11	1.524079	2.6846859	
Mario	2	30.263%	3	8	11.7902389	16	20	4.7343662	51	88.9871123	98.9021776	108.9989901	153	14.174015	7	44.9984577	59.2430096	69.9981968	194	20.4292879	0	2	3.1511549	4	11	1.6925048	2.4197667	
Mario	3	19.2388%	4	11.7474638	14.4362067	18	20	3.9668119	60	102	113.2938229	124	178	15.8508776	7	42.9688401	57.3502193	68.2285967	197	20.3956821	0	3	3.8408633	5	12	1.8090141	2.1020854	
Mario	4	12.3476%	5	14	15.9366031	19	20	3.3146069	70	117.8978916	130.1558521	142.8932958	192	17.9839854	8	40.0120801	54.8743723	65.8830857	181	20.3124009	0	3	4.5857171	6	13	1.8600091	1.8037189	
Monty Mole	0	15.1876%	1	1	1	1	1	0	24	59	65.0850036	71	98	8.9259335	9	42.8877617	57.3625194	68.2044099	196	20.6600393	0	1	2.0342253	3	10	1.3267053	2.9702257	
Monty Mole	1	27.763%	1	3	7.4629017	11	20	5.3487184	31	70.9996488	80.0975615	89	126	12.9098112	9	45	59.769254	70.9582862	195	20.77094	0	1	2.4661888	3	10	1.4961273	2.7555884	
Monty Mole	2	28.5372%	3	8	12.0840219	16	20	4.6876567	35	84.3593545	95.1840965	105.9863125	150	15.2707476	12	44.7345515	59.3373562	70.4916798	197	20.613736	0	2	3.0295544	4	12	1.6746882	2.4744824	
Monty Mole	3	17.6964%	4	11.9955393	14.5235092	18	20	3.9459432	44	97.5912864	109.3925092	121	175	16.9817865	9	43	58.0444384	68.9811779	194	20.5602453	0	2	3.7098054	5	12	1.8108858	2.1636943	
Monty Mole	4	10.8158%	5	14	16.0263688	19	20	3.2682156	58	113.9437534	126.8267904	139.9320682	195	18.9351241	7	41.4250079	56.1323249	66.9957512	188	20.4545252	0	3	4.5040404	6	14	1.8738329	1.8358513	
Normal Dice	0	9.3974%	1	1	1	1	1	0	43	65	69.9606274	75	98	7.5593538	9	47.5829875	62.1093707	72.9840338	189	20.6182451	0	1	2.2050567	3	8	1.3749728	2.8557686	
Normal Dice	1	27.7864%	1	3	6.9745923	10	20	5.0807336	41	76	84.4584545	93	129	11.8411183	12	45.7292748	60.1778712	70.9940178	203	20.5937123	0	1	2.5952768	4	10	1.5281969	2.6849466	
Normal Dice	2	30.7674%	3	8	11.9173271	16	20	4.6752311	43	88.9994019	98.9002646	108.9816249	158	14.3035785	7	43.9911559	58.2468197	68.996521	205	20.3132083	0	2	3.1487353	4	12	1.6900883	2.4275889	
Normal Dice	3	19.7814%	4	11.9930035	14.4558611	18	20	3.9534519	58	101.3662917	112.8047863	123.9899353	177	16.0684662	6	41.9985804	56.5055759	67.397316	192	20.3981435	0	2.9495588	3.8040988	5	13	1.8122135	2.1311131	
Normal Dice	4	12.2674%	5	14	15.9977175	19	20	3.275886	66	117	129.768378	142.5166999	197	18.3175433	6	39.2376518	53.9553451	64.9163349	182	20.2547355	0	3	4.546326	6	13	1.8498887	1.8196521	
Peach	0	10.2516%	1	1	1	1	1	0	30	60	65.1974326	70.330901	100	8.4591639	4	39.6296976	54.3365328	65.4116794	176	20.4689361	0	1	1.9754575	3	9	1.3112747	2.9943814	
Peach	1	25.458%	1	2	6.1129223	9	20	5.0440485	36	72.9849469	82.1797785	91.9660017	127	12.9490763	6	41.9492603	56.1878309	67.0522762	180	20.4969109	0	1	2.4967712	3	10	1.5042381	2.7459973	
Peach	2	30.4946%	3	7.11119	11.479661	15	20	4.7010852	41	87.2945451	97.5532652	107.9989951	155	14.808094	6	40.9999647	55.5854479	66.7168816	183	20.5230671	0	2	3.0663331	4	12	1.6846106	2.4715983	
Peach	3	20.1976%	4	11	14.2480131	17.9997893	20	3.9669504	51	100.9812948	111.786638	122.9872288	174	16.0299927	6	39.7422784	54.1213511	64.9810436	190	20.4765718	0	2	3.737751	5	12	1.8005596	2.1624153	
Peach	4	13.5982%	5	13.9807632	15.8596579	19	20	3.3032183	48	115.9970373	128.0119869	140	191	17.875702	4	37.79285	52.1164419	62.9959617	176	20.2723819	0	3	4.4584136	6	13	1.846821	1.8579371	
Pom Pom	0	23.564%	1	1	1	1	1	0	27	58	66.1486675	73.3776107	115	10.796733	7	40.2728367	55.0105755	65.732662	187	20.4622529	0	1	1.9919878	3	10	1.3273638	3.0127398	
Pom Pom	1	28.7714%	2	3	9.0039641	14	20	5.7993219	28	67.987435	77.3072913	86	139	13.5272896	9	42	56.7178031	67.7473862	205	20.5531188	0	1	2.3779865	3	11	1.4704634	2.8141627	
Pom Pom	2	25.7342%	3	8	12.378415	17	20	4.9594918	35	80	92.2076225	103.9519463	174	16.6594546	6	42.9949097	57.831586	69.1289238	202	20.8398431	0	2	2.9118372	4	11	1.6495079	2.5486862	
Pom Pom	3	13.6746%	4	12	14.7637891	18	20	3.8991815	43	96.9379408	109.088573	121.3888741	179	17.9037388	6	42	56.8836237	67.9554316	187	20.6227029	0	2	3.6384977	5	12	1.7940066	2.2023167	
Pom Pom	4	8.2558%	5	14	16.051479	19	20	3.2435316	57	114	126.9100027	140	210	19.2225694	5	39.9284834	54.4506892	65.4207589	176	20.5662349	0	3	4.40735	6	13	1.8350378	1.8660336	
Rosalina	0	24.6008%	1	1	1	1	1	0	11	46	54.8736708	63	108	12.3674948	16	46.2848237	61.0870459	71.9495593	195	20.3588264	0	1	1.884581	3	9	1.2867296	3.0191782	
Rosalina	1	27.7968%	2	4	8.8018998	12.9772183	20	5.1571353	16	58	68.501806	78.7938224	134	15.0312089	13	50	65.4101911	76.8704406	198	21.0714279	0	1	2.2982789	3	10	1.4473644	2.8030349	
Rosalina	2	26.204%	3	9	12.86257	16.9927323	20	4.4408881	23	71	83.0359792	94	167	16.8721486	17	51.3635903	66.55677	77.9964667	194	21.1299031	0	2	2.81196	4	11	1.6186505	2.5514578	
Rosalina	3	14.047%	4	13	15.2973774	18	20	3.5427374	24	84.9424766	97.1568306	109.2040583	175	18.0532523	16	50.9964614	65.6556987	76.9290708	219	20.880448	0	2	3.4328042	5	12	1.7657653	2.2566527	
Rosalina	4	7.3514%	5	15	16.6261664	19	20	2.8714899	45	99.2262685	113.2106265	126.5590843	188	19.866154	16	48.7107361	63.4784395	74.8183203	196	20.8876021	0	3	4.1681312	5	12	1.8640066	1.9431401	
Shy Guy	0	5.8486%	1	1	1	1	1	0	32	60	64.7044421	68	80	7.0493167	9	36	50.4805253	61	173	20.4190963	0	2	2.589577	3	8	1.3720941	2.6731525	
Shy Guy	1	30.6646%	3	4	7.8537568	11	20	4.4554255	36	72.9875548	80.3463277	88.1648744	112	11.0341348	6	39.9972146	54.6386517	65.7386974	177	20.7865516	0	1	2.389348	3	11	1.4564491	2.8033367	
Shy Guy	2	34.169%	5	10	13.1972599	16.9978977	20	4.068256	41	84.8816092	93.4657965	102.9959766	134	12.8324373	6	39	53.8017735	64.9604864	193	20.5173186	0	2	2.8229857	4	11	1.6128031	2.5923322	
Shy Guy	3	18.493%	6	13	15.4172619	18	20	3.3816671	54	96	105.8606608	115.9815411	155	14.1708964	5	37	51.6468393	62.6637873	185	20.1475218	0	2	3.4247661	4.9948077	12	1.7375489	2.299735	
Shy Guy	4	10.8248%	7	14.9866143	16.5710775	19	20	2.821912	58	108	119.3920072	130.0200551	170	15.6601594	3	35.9338374	49.8423989	60.750043	187	19.8924793	0	3	4.0705787	5	12	1.8037868	2.0084621	
Waluigi	0	17.0876%	1	1	1	1	1	0	25	61.151909	68.8505817	76	114	11.0169575	5	40.3078136	54.9330626	65.8196933	181	20.3896034	0	1	2.0176502	3	9	1.3311176	3.0368805	
Waluigi	1	29.4802%	2	4	8.3289351	12	20	5.1143775	29	73	82.9851494	92.9649713	139	14.0481217	6	42.9530105	57.256925	68.0028243	190	20.4598751	0	1	2.3926839	3	10	1.4826872	2.8443633	
Waluigi	2	28.0314%	3	9	12.5248708	16	20	4.5363979	38	85.9898325	96.9015176	107.9946024	157	15.9626629	4	42	56.5772098	67.3871791	190	20.3081788	0	2	2.9051564	4	11	1.6446744	2.5893748	
Waluigi	3	16.3392%	4	12	14.844438	18	20	3.8174932	49	98	110.3887094	122	183	17.3846403	6	41	55.3100641	65.9913414	180	20.138768	0	2	3.5081032	5	13	1.7661065	2.2984234	
Waluigi	4	9.0616%	5	14	16.2759115	19	20	3.1220142	62	114	127.5691931	140.9736259	200	19.3403453	9	39.0518823	53.425863	63.9948048	174	19.7720657	0	3	4.2192549	5	13	1.8305906	1.9815927	
Yoshi	0	17.4522%	1	1	1	1	1	0	23	55	62.3139776	69.4468425	112	10.5439013	9	40.9973771	55.6057231	66.2896784	200	20.7359578	0	1	2.0023264	3	9	1.3086693	2.9830623	
Yoshi	1	29.3852%	2	4	8.4826682	12	20	5.1074539	27	66	75.9309584	85	137	13.6439255	9	42.3251992	57.2057498	67.9999723	183	20.737535	0	1	2.3343928	3	11	1.4471669	2.8283217	
Yoshi	2	28.3366%	3	9	12.6319706	16	20	4.5071249	35	78.9973109	89.7291418	100.3109097	153	15.6117405	6	42	56.7608676	67.8992681	187	20.5304931	0	2	2.8273611	4	11	1.6138286	2.5880804	
Yoshi	3	16.0878%	4	12	15.0114557	18	20	3.703258	45	91.9437746	103.6857992	115	184	17.0481189	6	41	55.6398762	66.7965901	181	20.5140722	0	2	3.4635314	5	12	1.7637852	2.286105	
Yoshi	4	8.7382%	5	14.6471056	16.4145705	19	20	3.0279113	54	106.9817377	120.209883	133	195	18.9423095	4	39	53.5132407	64.4056099	179	20.261415	0	3	4.2187178	5	12	1.8327067	1.9565814	
Wario	0	5.6778%	1	1	1	1	1	0	18	66	74.2891261	84	114	13.1316139	6	37.8744298	51.2125471	61.825431	159	19.0164712	0	1	1.7601888	3	9	1.4026008	3.177921	
Wario	1	22.6932%	1	1	3.2995138	3	20	3.9952105	35	91.9567455	102.2413763	113.9910358	153	16.4566169	6	44.7104754	58.6925334	69.3751138	191	20.1116773	0	2	2.8672378	4	11	1.6276524	2.5974565	
Wario	2	29.423%	3	5	9.7905988	14	20	5.0731531	41	104.3294406	116.2707814	128.9810342	179	17.8450126	6	42.977095	56.9388506	67.7716758	194	19.9615475	0	2	3.4308534	4.9964602	12	1.7537863	2.334609	
Wario	3	23.7648%	4	9	12.9618159	17	20	4.5539318	39	117.3687323	130.5542315	143.9907231	203	19.1948045	6	41.9887834	56.0486939	66.9951479	190	20.0856541	0	3	4.0207281	5	14	1.8404606	2.0621592	
Wario	4	18.4412%	5	13	15.2268074	18	20	3.6507329	66	136.184723	150.2799709	164.9050541	222	20.6447832	4	40	54.2603844	64.987101	195	19.9451141	0	3	4.6414658	6	14	1.8653518	1.8018459	
