Character	AllyCount	Frequency	Min Turn Gained	1st Quartile Turn Gained	Avg Turn Gained	3rd Quartile Turn Gained	Max Turn Gained	Turn Gained SD	Min Distance	1st Quartile Distance	Distance Avg	3rd Quartile Distance	Max Distance	Distance SD	Min Coins	1st Quartile Coins	Coin Avg	3rd Quartile Coins	Max Coins	Coin SD	Min Stars	1st Quartile Stars	Star Avg	3rd Quartile Stars	Max Stars	Stars SD	Average Place
Boo	4	6.242%	5	15	16.5174624	19	20	3.0102515	77	120.5957031	135.1832746	149.0820312	203	20.8531673	9	36	49.6369753	59.7773438	134	18.2481708	0	3	4.1637296	5	11	1.7974433	2.0727331	
Boo	0	26.79%	1	1	1	1	1	0	22	68.3086644	77.2551698	86	123	13.2768545	3	31	43.5467712	53	154	17.8705884	0	1	2.0558417	3	8	1.3499404	3.1481896	
Boo	1	30.17%	2	6	9.9758503	14	20	4.8850931	31	81	91.8868412	102.6595263	151	15.6102043	6	37	49.8605237	60.2428791	148	18.3726038	0	1	2.482466	3	10	1.5328166	2.9039443	
Boo	2	24.178%	3	10	13.1697955	17	20	4.4372618	47	92.6389434	104.5898751	116.1871642	171	17.2714639	6	37	49.7387708	59.6704721	143	18.0204639	0	2	2.9887501	4	12	1.6614948	2.6507569	
Boo	3	12.62%	4	13	15.2177924	18	20	3.6487529	57	105	118.0110935	131	185	18.8151203	9	37.5471939	50.3123613	60	151	18.290755	0	2	3.5473851	5	11	1.7579041	2.3735341	
Bowser	4	6.134%	6	15	16.8513205	19	20	2.788268	72	133.4736328	150.7763287	167.9248047	236	25.1912318	12	39	52.5057059	62.9658203	155	18.7635107	0	3	4.3951744	6	12	1.8644171	1.9889142	
Bowser	0	28.25%	1	1	1	1	1	0	26	78.954321	91.9023717	104.4153333	159	19.4269011	7	34.478022	47.6700177	57.4157292	160	18.7766546	0	1	2.332885	3	10	1.5079911	3.012885	
Bowser	1	26.476%	1	4	8.2380767	12	20	5.2290414	28	92.0710819	106.5154857	121.0451383	200	21.3093148	6	39.9612135	53.2828977	63.9127391	163	19.1189918	0	2	2.9392658	4	11	1.6752775	2.6855265	
Bowser	2	25.658%	2	9.9669978	12.9427486	16.6598857	20	4.3437255	35	105.4702526	120.666147	135.9309697	207	22.2869297	10	41.607316	54.8663964	64.9912464	158	19.0134557	0	2	3.4889703	5	12	1.7881764	2.401746	
Bowser	3	13.482%	4	13	15.4323002	18	20	3.4525602	45	118.0897436	134.0906394	149.9151936	215	23.7942324	11	41	54.1125946	64.3766611	165	18.6442008	0	3	3.9789349	5	11	1.8420418	2.1835039	
Bowser Jr	4	8.884%	7	15	16.6933814	19	20	2.787393	59	107	119.9457452	132.9910204	189	18.8952415	11	38.4183673	51.8493922	61.9836735	155	18.6855917	0	3	4.3370104	5.9910204	12	1.7996507	1.930887	
Bowser Jr	0	9.14%	1	1	1	1	1	0	32	59.0384	68.3582057	77	118	12.9121812	23	48	61.7273523	71.696	148	18.8162268	0	1	2.4045952	3	8	1.4366951	2.7770241	
Bowser Jr	1	31.764%	2	4	8.0985912	11	20	4.6022021	33	70.9056102	80.9119758	90.9934521	145	14.9408205	15	45	58.8318852	69.0443293	162	19.1045894	0	2	2.7180456	4	10	1.5211933	2.6734668	
Bowser Jr	2	32.504%	4	9.3967218	12.9146474	16	20	4.1986381	38	82	93.0904504	104	155	16.2359522	9	43	56.7054516	66.9238543	175	18.9927104	0	2	3.1698868	4	11	1.6561021	2.454221	
Bowser Jr	3	17.708%	5	13	15.4214801	18	20	3.4057716	50	93	105.3711317	117	168	17.5479158	9	41	54.4734583	64.5604396	166	18.6414496	0	2	3.7000226	5	12	1.7780397	2.2080416	
Daisy	4	14.146%	7	14	16.0260144	19	20	3.1105103	75	115	124.6851407	136	171	14.7891052	6	39	51.7626184	61.7561728	150	17.8304789	0	3	4.3336632	5.8143939	11	1.7759629	1.9380744	
Daisy	0	8.358%	1	1	1	1	1	0	61	65	66.4874372	68	74	2.1684334	17	46	59.5984685	69.5792271	170	18.783398	0	1	2.2479062	3	9	1.3463562	2.8774827	
Daisy	1	25.23%	2	3	6.863185	9	20	4.7396994	61	74	81.2422513	88	103	8.6293367	12	44	56.6823623	66.0051937	155	18.3548806	0	1	2.4976615	3	9	1.485821	2.7869996	
Daisy	2	32.464%	4	8	11.5582425	15.0068139	20	4.7127538	65	88	95.9354362	104	127	11.3744034	11	43	56.0425086	65.9383794	158	18.4421936	0	2	3.0307417	4	11	1.6264596	2.527415	
Daisy	3	19.802%	6	12	14.7213385	18	20	3.7192471	70	100.4112098	110.2085648	120	150	13.1823901	9	41	53.4634885	63.0258621	153	18.094557	0	2	3.7039693	5	12	1.7585072	2.2090698	
Diddy Kong	4	3.942%	7	15	16.9710807	19	20	2.7547617	57	112.7283951	128.753932	145	201	22.6388456	13	43	59.2262811	71.8055556	190	21.8538464	0	3.0771605	4.8401826	6	12	1.9439975	1.7199391	
Diddy Kong	0	36.884%	1	1	1	1	1	0	0	56	66.2232947	77	119	15.6256057	3	34.9354589	50.6905975	62.9682672	171	21.8968713	0	1	2.0768897	3	9	1.3882665	3.013068	
Diddy Kong	1	28.29%	3	6.6746988	10.5836238	14.3225479	20	4.8805908	22	69.019367	81.4928243	94	151	18.3186931	7	40.9280952	57.4154825	70.0932796	181	22.7537095	0	1	2.6163309	4	11	1.5559968	2.7015907	
Diddy Kong	2	20.862%	4	11	13.7131454	17	20	4.3058043	37	81	94.8559103	107.8915966	179	19.5310922	9	43	59.5878631	72.389869	171	22.4091498	0	2	3.279072	4	12	1.7324277	2.3790624	
Diddy Kong	3	10.022%	5	13.1746362	15.7472071	19	20	3.4802059	46	94.9626913	109.6020754	123.9397321	185	21.1229476	7	43.8207908	60.1650369	73.0736607	171	22.5546743	0	3	3.9838356	5	13	1.8736635	2.0403113	
Donkey Kong	4	9.618%	7	15.5232221	17.0896236	19	20	2.5191457	48	106.4437591	124.3424828	141.7847659	214	25.5175129	18	52	67.9174465	80.3542977	175	22.2232301	0	3	4.713246	6	13	1.9687497	1.749844	
Donkey Kong	0	11.692%	1	1	1	1	1	0	0	50	61.8268902	80	140	21.6102097	10	38	52.6606226	63.6592742	170	21.0144725	0	2	2.6963736	4	10	1.4741508	2.6563462	
Donkey Kong	1	23.388%	1	4	6.2010916	8	20	3.8384081	10	65.7424634	82.2708226	98.8474576	183	24.4844975	9	53	69.3216179	82.0742154	181	22.9950683	0	2	3.1643578	4	11	1.6488384	2.3700188	
Donkey Kong	2	34.39%	4	9.7511013	12.6461799	16	20	3.9090136	17	79.7285307	96.5496365	112.9353741	205	24.3862092	15	54.0789827	70.418959	83	191	22.6556993	0	2	3.5485315	5	11	1.8045571	2.212271	
Donkey Kong	3	20.912%	5	13	15.5637733	18	20	3.1837304	28	92.5104167	109.2816565	125.7748593	215	24.4735416	10	53.0559809	69.2493305	81.9562349	200	22.5964163	0	3	4.0322303	5	11	1.9089383	2.0229533	
Dry Bones	4	13.912%	5	14	15.8041978	19	20	3.4182164	66	121	135.5833813	150	200	20.8844704	9	40.9686589	54.7317424	65.9534413	177	19.7778034	0	3.898068	4.7686889	6	12	1.8420532	1.7640886	
Dry Bones	0	8.358%	1	1	1	1	1	0	35	60	67.6944245	75	110	10.7469399	24	52.6641414	67.0849486	78.0464646	160	19.9136978	0	1	2.4256999	3	9	1.4453165	2.7513759	
Dry Bones	1	26.668%	1	1	5.8657384	9	20	5.1967131	37	75	85.8697315	96.7328671	137	15.4842264	12	46.0617482	60.7703615	71.5176471	173	20.279735	0	2	2.8101095	4	10	1.566993	2.6127194	
Dry Bones	2	29.24%	3	7	11.1665897	15	20	4.9264183	39	89	101.351026	114	161	17.5857379	11	44.034058	58.6664843	69.3252051	169	19.9637047	0	2	3.3787962	4.2663736	12	1.7253289	2.3391929	
Dry Bones	3	21.822%	4	11	13.82241	17.0597087	20	4.2533359	48	101.9742723	115.4515626	128.9718896	187	19.1271166	14	43	56.8062506	67.9588099	174	19.9345837	0	3	3.9673724	5	11	1.8125011	2.0917423	
Goomba	4	9.21%	5	14	15.9960912	19	20	3.2962299	54	107	121.2010858	135.1196	186	20.3230895	19	49.6596	64.146797	75.0416	161	20.3522549	0	3	4.6099891	6	11	1.8913794	1.7978284	
Goomba	0	22.56%	1	1	1	1	1	0	21	50.0480402	57.2727837	64.0136812	98	10.4336626	22	47.0962987	61.8005319	72.6610989	170	20.2417552	0	1	2.0876773	3	8	1.3352918	2.9282801	
Goomba	1	27.16%	1	3	7.9032025	12	20	5.6025774	26	63	72.9234904	82.5376484	119	14.0304096	18	51.0892773	66.6616348	78.1694754	192	21.3315372	0	1.1760309	2.559352	3.3126615	10	1.4895108	2.6837261	
Goomba	2	25.96%	3	8.0329545	12.2860382	16	20	4.691705	34	76.8681257	88.2952234	99.9831486	149	16.5256879	20	52	67.2217257	78.7255239	174	21.0548002	0	2	3.1057781	4	10	1.6842369	2.4187211	
Goomba	3	15.11%	4	12	14.6005757	18	20	3.9402298	37	90	102.8815354	115.0789171	170	17.9573543	11	51.9054622	66.7331568	78	178	21.1456017	0	2.0035077	3.7912641	5	12	1.8392667	2.1244209	
Hammer Bro	4	11.69%	6	14	16.1332763	19	20	3.1367241	56	105	117.6886228	130.1383929	173	18.3588565	15	46	58.3950385	67.8439153	157	17.381646	0	3	4.3331052	5.5448606	11	1.8264497	1.9136014	
Hammer Bro	0	10.276%	1	1	1	1	1	0	17	47	54.0636434	61	87	9.6717052	18	51	62.1621253	71	151	16.3000163	0	1	2.0615025	3	8	1.306671	2.9579603	
Hammer Bro	1	28.096%	2	2.9655114	6.9833489	10	20	5.0488377	25	61	71.0573747	81	115	13.890327	20	51	63.1293423	72.8030324	156	17.2575913	0	1	2.418992	3	9	1.4688734	2.8095103	
Hammer Bro	2	30.66%	3	8	12.0307652	16	20	4.557604	29	75.4131169	86.2425962	97.2680741	136	15.5800623	15	49.9447514	61.9358121	71.5781984	155	17.3075756	0	2	2.943379	4	10	1.6100802	2.5484671	
Hammer Bro	3	19.278%	5	11.3921857	14.4343193	18	20	3.9345442	44	87.9254549	99.4838676	111.2465215	157	17.0658794	15	47.8849619	60.1286441	69.9895636	173	17.4470178	0	2	3.5417574	5	12	1.7643324	2.2617491	
Koopa	4	8.88%	6	15	16.802027	19	20	2.8014227	61	106	120.8427928	134.0416667	209	20.7366492	7	38	48.9560811	58	131	15.763743	0	3	4.1693694	5	11	1.7532874	2.036036	
Koopa	0	9.728%	1	1	1	1	1	0	31	57.0631001	67.3468339	76	124	13.7169451	12	46.68107	57.7785773	66.3388203	135	16.0830526	0	1	2.4432566	3	8	1.3932948	2.7892681	
Koopa	1	30.546%	1	5	8.148396	11	20	4.7189019	31	69	80.0875401	90.8511342	146	15.9666589	15	43.6847764	54.8900674	63.793956	144	16.2396856	0	2	2.6397564	4	9	1.4916766	2.7434034	
Koopa	2	32.466%	3	9	12.9014165	16	20	4.2563589	38	80.9836838	93.0604941	104.8570513	170	17.5084751	10	42	53.7753342	62.9966814	153	16.2478297	0	2	3.0799606	4	11	1.6214126	2.5344668	
Koopa	3	18.38%	5	13	15.4432869	18	20	3.4332505	50	92.9291475	105.8297062	118	188	18.8572915	12	41	52.1832427	61	141	16.1323937	0	2	3.6125136	5	11	1.7441699	2.3008705	
Luigi	4	10.868%	5	14	16.2392344	19	20	3.1467305	66	116.9264069	130.4884063	144.3304598	201	20.2381013	9	39	50.2009569	59	134	16.6912498	0	3	4.4924549	6	11	1.798365	1.8916084	
Luigi	0	10.884%	1	1	1	1	1	0	28	62	69.5723999	77	109	11.1754737	16	49	60.6822859	69.6313776	152	16.6326574	0	1	2.3686145	3	10	1.4160678	2.8340684	
Luigi	1	29.292%	1	2.3832699	7.2593249	10.9162503	20	5.1546454	34	74	84.5281305	94.9025641	138	14.8929585	16	44	56.1248805	65.2404624	153	17.0478209	0	2	2.6715144	4	10	1.5297732	2.7139151	
Luigi	2	29.388%	3	8	12.0601431	16	20	4.6772211	37	86.0537744	98.1052811	109.968995	160	16.9788059	11	42	54.29706	63.4022371	148	16.8917045	0	2	3.1734722	4	11	1.6424431	2.4766571	
Luigi	3	19.568%	4	12	14.4904061	18	20	3.945741	51	99.0564972	111.9193581	124.4514286	176	18.4862365	9	41	52.5122649	61.3610736	155	16.6231145	0	3	3.7694195	5	11	1.7915095	2.199816	
Mario	4	11.71%	5	14	15.9760888	19	20	3.306972	72	117	129.830743	143	186	18.1691232	9	39	51.0017079	60.54375	141	17.1062685	0	3	4.5545687	6	11	1.8056896	1.8495303	
Mario	0	11.278%	1	1	1	1	1	0	44	65	70.1948927	75	97	7.2495459	18	47	59.4447597	69	175	17.5178097	0	1	2.3112254	3	8	1.3903628	2.8400426	
Mario	1	28.332%	1	2	7.1772052	11	20	5.3258849	47	75.9560549	83.970281	92	128	11.4945201	17	44.3197351	56.8178032	66	169	17.4815502	0	2	2.6518424	4	9	1.5238906	2.7078215	
Mario	2	30.206%	3	8	11.9574764	16	20	4.7453148	57	88	98.5383036	108.784724	146	14.2829672	12	43	55.3109978	64.4487179	175	17.5558515	0	2	3.1808912	4	11	1.6756017	2.454082	
Mario	3	18.474%	4	12	14.5141134	18	20	3.9549376	56	101.1105708	112.820721	124	169	15.9798276	9	41	53.2329761	62.4752907	141	17.3697807	0	3	3.8132511	5	11	1.7751993	2.1655299	
Monty Mole	4	10.774%	5	14	16.0954149	19	20	3.2891403	67	113.3471654	126.4852422	140	184	19.1201761	10	44	60.2069798	73.304803	168	22.6057329	0	3	4.7833674	6	14	1.9409412	1.7508818	
Monty Mole	0	15.162%	1	1	1	1	1	0	31	59	65.0336367	71	95	9.1291169	11	45	61.4360902	74.1173114	190	22.6507708	0	1	2.2043266	3	8	1.3663228	2.8918349	
Monty Mole	1	28.104%	1	3	7.5293854	11	20	5.3488769	36	71	80.1641759	89	124	12.9622013	12	47.303207	64.4521065	77.7475995	184	23.2856199	0	2	2.6746371	4	10	1.5432018	2.6438941	
Monty Mole	2	28.418%	3	8	12.1276836	16	20	4.6672155	40	84.8132616	95.2093743	105.9220713	149	15.312367	15	47	63.7282708	76.4626398	177	22.9956191	0	2	3.2531494	4	11	1.720706	2.3730734	
Monty Mole	3	17.542%	4	12	14.5626501	18	20	3.9324169	53	97	109.3366777	121	165	17.0275545	14	46	62.7906738	76.1955882	193	22.5571436	0	3	3.9390035	5	12	1.8643536	2.0701174	
Normal Dice	4	12.31%	5	14	16.1234768	19	20	3.2283814	76	116.7755792	129.0932575	141.6234056	191	18.0975086	9	41.6423745	56.7959383	68.4243697	180	21.4663271	0	3	4.7187652	6	12	1.8524878	1.7684809	
Normal Dice	0	9.82%	1	1	1	1	1	0	44	65	69.9759674	75	103	7.7594061	18	49.654321	66.0443992	78.739369	166	22.6414644	0	1	2.4185336	3	8	1.4164378	2.7427699	
Normal Dice	1	27.608%	1	3	6.9768685	10	20	5.0709687	49	76	84.5277456	93	120	11.8265021	12	47.4832215	63.9103159	76.5841214	190	22.599346	0	2	2.8032454	4	10	1.579709	2.5952622	
Normal Dice	2	30.668%	3	8	11.9701144	16	20	4.6529257	52	89	98.9164602	108.9673266	148	14.1989809	13	46	62.0136298	74.6526597	179	22.3781604	0	2	3.3938959	4.6309215	11	1.7337606	2.3087257	
Normal Dice	3	19.594%	4	12	14.5316575	18	20	3.9078369	61	101	112.6607125	124	166	16.0832218	9	44	60.1736246	73.0931677	184	22.1563746	0	3	4.0248035	5	11	1.8428893	2.0433806	
Peach	4	13.256%	5	14	15.9639409	19	20	3.2134952	67	115.3333333	127.3491249	139	183	17.6703457	8	35.7248677	48.6837658	58.9107143	155	18.4868169	0	3	4.3753772	6	13	1.8144155	1.9333132	
Peach	0	10.698%	1	1	1	1	1	0	30	60	65.1897551	70.6071429	94	8.4544284	9	38	50.6507758	61	155	18.3208849	0	1	1.9850439	3	7	1.2950286	3.0527201	
Peach	1	25.728%	1	2	6.227856	9	20	5.0148685	38	73	82.1157494	92	128	13.0797361	6	39.4622147	52.4189988	62.4166667	160	18.2541687	0	1	2.505908	3	10	1.4861914	2.7985852	
Peach	2	30.606%	3	8	11.6189637	15.4199627	20	4.652423	43	87.1950734	97.4561851	108	150	14.8385997	11	39	51.7003202	61.4047619	172	18.1897749	0	2	3.0818794	4	12	1.6639213	2.5196367	
Peach	3	19.712%	4	11.1473982	14.3975977	18	20	3.9204055	57	99.9690315	110.8460836	122	164	15.9199675	6	37.8060871	50.2894683	60	155	18.0814893	0	2	3.7235187	5	12	1.7831277	2.2180398	
Pom Pom	4	9.396%	6	14	16.0968497	19	20	3.2445695	60	114	127.5808855	141	188	19.0455402	10	39	53.0570456	63.5710059	161	19.8407276	0	3	4.4782886	6	12	1.8537574	1.8865475	
Pom Pom	0	22.144%	1	1	1	1	1	0	24	58	65.9290101	73.0719083	114	10.855146	9	40	54.4853685	65.4116489	196	20.2837433	0	1	2.1000723	3	10	1.3283644	2.9845556	
Pom Pom	1	27.328%	2	2	8.2865804	13	20	5.8410998	36	68	77.8855386	87	136	13.9079995	12	41.8844828	55.9065427	66.7702569	160	20.0304979	0	1	2.4969262	3	10	1.4748544	2.7822014	
Pom Pom	2	26.174%	3	7.9483377	11.9602992	16	20	4.9593071	37	81.3402847	93.6718117	105.9397321	152	17.0320592	12	42.6124752	56.7657981	67.3358979	171	19.978519	0	2	3.022083	4	12	1.6692742	2.5380148	
Pom Pom	3	14.958%	4	12	14.6210889	18	20	3.9019319	51	99	110.791416	123	170	17.6414218	13	41	55.7923519	66.0394345	170	20.0486656	0	2.9326698	3.7982351	5	12	1.7959313	2.1657976	
Rosalina	4	7.102%	6	15	16.6508026	19	20	2.8770445	49	98.7382271	113.0422416	126.4085873	200	19.9099328	18	50	65.9343847	78.5720222	172	21.6156339	0	3	4.3320191	6	12	1.9007735	1.9062236	
Rosalina	0	24.88%	1	1	1	1	1	0	15	46	54.8917203	63	104	12.2577987	14	47.9842301	63.7676045	75.5108225	175	21.7653726	0	1	2.0525723	3	8	1.3248678	2.9467846	
Rosalina	1	27.77%	2	4.0452815	8.8324015	13	20	5.1692854	14	58	68.6595607	78.829715	130	15.0192572	20	51.8723776	67.7973353	80.1355888	188	22.2383165	0	1	2.4622254	3	9	1.4874202	2.7371264	
Rosalina	2	26.146%	3	9	12.9342767	17	20	4.4165272	27	71.0212288	82.958617	94	150	16.7471525	17	52.2803555	68.6247992	80.9459707	189	22.603075	0	2	2.9713914	4	10	1.6392573	2.4923889	
Rosalina	3	14.102%	4	13	15.3963403	18	20	3.5133424	36	84	96.7485463	109	163	18.1822163	17	52	67.9191604	80.4321429	181	22.4254447	0	2	3.6302652	5	12	1.8250336	2.1853638	
Shy Guy	4	11.706%	8	14	16.4607893	19	20	2.8579996	65	109.8590226	120.570135	131.6935587	165	15.416915	8	35	49.6282248	61.1244145	160	20.3158093	0	3	4.2766103	5.5079719	12	1.8440464	1.9589954	
Shy Guy	0	5.61%	1	1	1	1	1	0	32	60	65.142246	71.4693878	80	7.1722441	12	36	50.943672	62.6033163	176	20.9977768	0	1.4604592	2.4327986	3	7	1.3171815	2.7629234	
Shy Guy	1	28.98%	3	4	7.2810043	11	20	4.5010136	40	73.4474422	81.1540373	89.4278289	111	11.1433169	6	40	55.3321601	67.360033	170	21.6652752	0	1	2.4331953	3	9	1.4826774	2.8037957	
Shy Guy	2	34.256%	5	9	12.8676961	16	20	4.1080444	49	86	94.7778491	104	131	12.8103002	7	39	53.8782695	64.9843454	178	20.8743505	0	2	2.9822513	4	11	1.672486	2.5404601	
Shy Guy	3	19.448%	6	13	15.2384926	18	20	3.4335837	56	97.284058	106.9813863	117	151	14.0370449	6	37	51.8796791	62.9649596	174	20.7795752	0	2	3.6026327	5	11	1.7668671	2.2269642	
Waluigi	4	8.406%	5	14	16.4051868	19	20	3.0324977	56	113.8396135	126.3752082	139	192	18.8934381	8	39	52.2008089	62.1758034	161	18.4749415	0	3	4.2169879	5	10	1.8553513	2.0118963	
Waluigi	0	17.532%	1	1	1	1	1	0	31	61.0975765	68.8872918	76.3882353	110	11.0227434	12	40	53.7216518	64	149	19.3072555	0	1	2.1241159	3	8	1.3616501	3.0231577	
Waluigi	1	30.076%	2	4	8.5851724	12	20	5.0951688	36	73	82.8418673	92.6975475	133	13.8826805	12	42	55.8832292	66.4515542	165	19.3499783	0	1	2.4664849	3	8	1.4806597	2.8557654	
Waluigi	2	28.016%	3	9	12.7685143	16.760042	20	4.4635588	47	85.5589888	96.4056967	107	160	15.7601495	9	41	54.9520274	65.1199198	160	19.2774902	0	2	2.9569532	4	10	1.6530315	2.6074386	
Waluigi	3	15.97%	4	12	15.0269938	18	20	3.7054112	49	98	109.6633688	121.9137618	170	17.22855	6	40	53.696556	64.3914474	146	18.9114926	0	2	3.5516594	5	12	1.7561749	2.3198497	
Wario	4	16.52%	5	12.6160714	15.1319613	18	20	3.7086079	68	136.658156	150.9894673	166	218	21.2255958	6	41	55.311138	66.1785714	161	20.4610135	0	3	4.7826877	6	12	1.8859402	1.790678	
Wario	0	10.574%	1	1	1	1	1	0	30	66	76.1944392	84	114	12.756438	6	35.9985389	51.1076225	63.0851403	152	20.8878121	0	1	1.6835635	2	9	1.3133585	3.2142992	
Wario	1	23.72%	1	1	4.0033995	5	20	4.843609	41	88.320802	99.925801	112	147	16.7384268	6	44	58.7457841	70.0578815	174	20.8028458	0	2	2.8591906	4	10	1.6282924	2.6400506	
Wario	2	27.85%	3	5	9.9617387	14	20	5.2240663	50	102.7677394	114.9344345	127.7921348	178	18.237931	12	43.9569431	58.0294434	68.9964516	164	20.474104	0	2	3.4741113	5	12	1.7768493	2.3449192	
Wario	3	21.336%	4	9	12.9852599	17	20	4.6143594	52	116.8521008	130.2805587	144.1719603	196	19.5425931	9	42	57.0316835	68.3727754	160	20.6048156	0	3	4.1113611	5	11	1.8692172	2.0734908	
Yoshi	4	8.43%	6	14	16.3919336	19	20	3.0621295	65	107	119.9629893	133	189	18.8365777	14	40	56.2647687	68.2424386	168	21.7540687	0	3	4.3513642	6	11	1.8551732	1.9117438	
Yoshi	0	17.844%	1	1	1	1	1	0	22	55	62.2739296	69.0803571	112	10.6592939	6	42	58.6201524	71.0737083	172	22.3157873	0	1	2.1573638	3	9	1.3467047	2.9261376	
Yoshi	1	29.68%	2	4.1171881	8.6749598	12	20	5.0984897	27	66	75.9022237	85.0357551	130	13.6685917	12	43.1869421	59.5126685	71.9091662	179	22.0819224	0	1	2.499124	3	9	1.4961764	2.7558625	
Yoshi	2	28.258%	3	9	12.7436542	16.5406504	20	4.4702258	35	78.8105784	89.3942954	100	146	15.4945473	9	43.3823574	59.2568476	71.4012739	182	22.1406894	0	2	2.9943379	4	10	1.6357693	2.5142614	
Yoshi	3	15.788%	4	13	15.1378314	18	20	3.6449375	48	91	102.8198632	114.3616071	166	16.9156758	12	42	57.9683304	69.9063131	177	21.9844536	0	2	3.6212313	5	11	1.7461631	2.235622	
